105 -287.5 -275
-6.49301 -1.65286 -288.081 -29443 0
-17.9092 -5.4076 -286.919 -28968 0
-28.4681 -11.4162 -286.919 -28078 0
-13.085 -6.06698 -288.081 -27577 0
-13.2406 -8.24487 -288.081 -26480 0
-18.9505 -14.6171 -286.919 -25633 0
-5.0346 -4.00576 -288.081 -25508 0
-14.0962 -11.5117 -288.081 -25402 0
-18.0949 -15.0578 -286.919 -25326 0
-17.1031 -15.6218 -286.919 -24946 0
-16.5003 -18.208 -286.919 -24172 0
-3.51786 -4.12243 -288.081 -23927 0
-6.27911 -10.0727 -288.081 -22675 0
-7.82767 -21.4359 -286.919 -20766 0
-3.98455 -11.0969 -288.081 -20712 0
-1.98815 -6.30032 -288.081 -20314 0
-1.72888 -5.98919 -288.081 -20054 0
-6.13592 -21.9221 -286.919 -19966 0
-6.99152 -25.2667 -286.919 -19935 0
-3.47896 -19.1732 -288.081 -18900 0
-2.95394 -18.2593 -288.081 -18665 0
-2.60392 -20.9427 -288.081 -18195 0
-1.45664 -11.7839 -288.081 -18186 0
-0.814939 -13.009 -288.081 -17349 0
3.13248 -13.8063 -288.081 -13354 0
2.41123 -9.07925 -274.419 -12945 1
4.27976 -14.6813 -288.081 -12685 0
8.69388 -23.7234 -288.081 -11990 0
3.34462 -8.10698 -274.419 -11598 1
3.18905 -7.01804 -274.419 -11265 1
6.94202 -13.8823 -274.419 -10922 1
4.84191 -8.28199 -274.419 -10339 1
16.7054 -27.9236 -288.081 -10251 0
12.484 -16.313 -275.581 -9281 1
10.5589 -12.3655 -274.419 -8837 1
21.8178 -24.8689 -275.581 -8727 1
4.4919 -4.85959 -274.419 -8514 1
16.8009 -16.5074 -275.581 -8119 1
22.4595 -13.2989 -275.581 -6093 1
10.9478 -5.13183 -274.419 -5228 1
26.0763 -10.3821 -275.581 -4665 1
12.3673 -4.76236 -274.419 -4555 1
14.6035 -5.09294 -274.419 -4236 1
12.8534 -3.38174 -274.419 -3412 1
17.1266 -4.47554 -274.419 -3394 1
36.2852 -5.96798 -275.581 -2314 1
10.5005 -0.899204 -274.419 -1292 1
35.4529 7.24714 -275.581 2780 1
16.8786 4.18254 -274.419 3253 1
38.9881 9.80227 -275.581 3291 1
25.2013 7.37159 -274.419 3707 1
26.1347 8.79758 -274.419 4126 1
14.9535 5.21315 -274.419 4235 1
6.18188 2.35289 -275.581 4516 1
12.2877 5.42528 -275.581 5018 1
11.7433 5.26971 -275.581 5074 1
20.1172 14.4356 -274.419 6844 1
21.5367 19.8998 -274.419 7868 1
14.6141 15.1162 -274.419 8330 1
6.92081 7.36982 -275.581 8449 1
15.8003 22.4082 -274.419 9608 1
5.11238 8.98379 -275.581 10441 1
2.58447 5.21138 -275.581 10952 1
11.2695 29.2725 -274.419 11829 1
10.9973 28.8835 -274.419 11866 1
3.59564 10.7339 -275.581 12272 1
4.97626 16.0036 -275.581 12497 1
10.4139 35.3783 -274.419 12658 1
3.36229 17.7342 -275.581 13772 1
7.04985 37.8479 -274.419 13811 1
2.23446 15.4397 -275.581 14312 1
4.79418 34.5811 -274.419 14389 1
2.21766 36.6909 -274.419 15450 1
1.41068 40.3758 -274.419 15830 1
-0.837921 9.87828 -275.581 17665 1
-3.85903 42.4953 -274.419 17747 1
-0.777818 7.95142 -286.919 17843 0
-4.88964 45.0427 -274.419 17988 1
-3.28805 23.9179 -275.581 18364 1
-9.18001 32.9211 -275.581 19956 1
-11.8246 37.1213 -275.581 20342 1
-7.86421 22.7901 -275.581 20587 1
-5.85485 16.3731 -275.581 20699 1
-10.3014 21.39 -275.581 21709 1
-14.1563 18.9186 -288.081 23396 0
-15.3425 18.627 -288.081 23783 0
-3.46129 3.98455 -286.919 24000 0
-7.70039 5.07349 -286.919 26260 0
-6.06698 3.51786 -286.919 26754 0
-12.7951 7.36805 -286.919 26780 0
-12.5229 6.94025 -286.919 26925 0
-21.7983 10.5377 -288.081 27428 0
-12.2312 5.79297 -286.919 27502 0
-11.4728 5.42351 -286.919 27508 0
-14.2341 5.15127 -286.919 28414 0
-9.81995 3.49841 -286.919 28464 0
-24.5207 8.59312 -288.081 28516 0
-7.27259 1.45664 -286.919 30034 0
-10.7728 2.15668 -286.919 30035 0
-12.8729 1.68999 -286.919 30866 0
-15.9258 1.3983 -286.919 31445 0
-34.4962 2.85671 -288.081 31514 0
-28.6237 2.04 -288.081 31678 0
-10.1116 0.717712 -286.919 31682 0
-31.5211 0.581595 -288.081 32471 0

108 -262.5 -250
-12.6979 -1.75186 -261.919 -30781 2
-5.90965 -1.4973 -263.081 -29456 2
-16.2175 -4.92146 -261.919 -28953 2
-26.368 -10.5606 -261.919 -28082 2
-12.0933 -5.61973 -263.081 -27569 2
-12.2489 -7.64206 -263.081 -26473 2
-30.3543 -20.6917 -261.919 -26126 2
-29.4793 -20.75 -261.919 -25999 2
-16.5976 -12.7827 -261.919 -25639 2
-4.6068 -3.65574 -263.081 -25518 2
-13.0461 -10.695 -263.081 -25387 2
-16.5198 -14.0661 -261.919 -25233 2
-15.8586 -14.455 -261.919 -24955 2
-15.2947 -16.8468 -261.919 -24180 2
-5.83186 -9.35325 -263.081 -22676 2
-5.69574 -10.0338 -263.081 -22316 2
-3.26506 -7.8754 -263.081 -21185 2
-6.7458 -20.1066 -263.081 -20499 2
-1.76777 -5.56139 -263.081 -20335 2
-5.59852 -20.0094 -263.081 -19965 2
-6.11647 -22.6027 -261.919 -19873 2
-3.20673 -17.4231 -263.081 -18930 2
-2.70115 -16.9175 -263.081 -18639 2
-2.28631 -18.7065 -263.081 -18168 2
-1.26219 -10.345 -263.081 -18165 2
2.89914 -12.7951 -263.081 -13357 2
2.139 -8.22365 -249.419 -13002 3
3.79363 -13.0673 -263.081 -12697 2
8.07162 -22.0122 -263.081 -11988 2
3.03349 -7.32916 -249.419 -11587 3
2.93626 -6.49301 -249.419 -11282 3
4.08354 -7.29027 -249.419 -10501 3
15.1887 -25.3957 -263.081 -10252 2
10.7922 -14.1545 -249.419 -9296 3
15.2063 -19.3464 -250.581 -9173 3
9.17825 -10.7127 -249.419 -8823 3
20.8261 -23.0605 -250.581 -8609 3
4.16132 -4.49013 -249.419 -8503 3
15.4591 -15.2046 -250.581 -8123 3
9.54771 -8.94313 -249.419 -7924 3
20.8066 -15.7426 -250.581 -7056 3
25.9013 -17.8556 -250.581 -6685 3
26.7958 -15.7426 -250.581 -6063 3
23.0623 -9.15703 -250.581 -4656 3
11.1811 -4.31512 -249.419 -4562 3
12.659 -4.43179 -249.419 -4248 3
15.4786 -4.06233 -249.419 -3406 3
10.3255 -2.2539 -249.419 -2935 3
31.4627 -5.16424 -250.581 -2310 3
19.0371 -2.99283 -249.419 -2225 3
14.4869 3.61862 -249.419 3274 3
35.8379 9.02445 -249.419 3295 3
22.7512 7.09935 -249.419 3896 3
23.4901 7.99384 -249.419 4159 3
13.0868 4.59089 -249.419 4254 3
5.69574 2.17789 -250.581 4531 3
11.3349 5.01692 -250.581 5026 3
10.8682 4.86136 -250.581 5063 3
17.7254 12.1994 -249.419 6679 3
17.6282 12.5688 -249.419 6819 3
19.5727 18.0913 -249.419 7869 3
6.27911 6.65034 -250.581 8427 3
13.7196 19.4331 -249.419 9603 3
4.45124 7.85596 -250.581 10458 3
15.4503 31.0809 -249.419 10943 3
10.3361 27.0557 -249.419 11855 3
10.1611 26.7251 -249.419 11870 3
7.73044 23.1666 -249.419 12284 3
3.09006 9.29492 -250.581 12296 3
4.52902 14.4674 -250.581 12477 3
9.59721 32.656 -249.419 12662 3
3.09006 16.3731 -250.581 13782 3
6.4276 34.6588 -249.419 13820 3
2.07889 14.2729 -250.581 14301 3
4.19138 30.2447 -249.419 14389 3
2.03293 33.8421 -249.419 15455 3
1.30697 37.2645 -249.419 15828 3
-0.740694 8.96435 -250.581 17634 3
-0.700035 6.94025 -261.919 17885 2
-3.85904 36.2728 -249.419 17959 3
-5.14243 38.684 -249.419 18306 3
-3.01581 22.09 -250.581 18352 3
-8.35682 29.946 -250.581 19958 3
-10.7551 33.7573 -250.581 20342 3
-7.25492 21.04 -250.581 20584 3
-5.1937 14.4674 -250.581 20712 3
-9.31436 15.7101 -261.919 22482 2
-22.2279 29.6348 -250.581 23406 3
-13.0673 17.363 -263.081 23419 2
-14.1757 17.3047 -263.081 23761 2
-6.74757 4.43179 -261.919 26272 2
-5.63918 3.24562 -261.919 26782 2
-11.7839 6.7458 -261.919 26803 2
-11.5895 6.47356 -261.919 26896 2
-20.1844 9.77929 -263.081 27420 2
-10.0533 4.74292 -261.919 27516 2
-10.7144 5.05405 -261.919 27516 2
-29.946 13.6684 -263.081 27633 2
-13.184 4.80126 -261.919 28394 2
-9.06157 3.24562 -261.919 28447 2
-21.8567 7.64029 -263.081 28524 2
-6.35866 1.28163 -261.919 30019 2
-9.99495 2.00111 -261.919 30034 2
-11.9395 1.6122 -261.919 30818 2
-31.8516 2.70115 -263.081 31487 2
-24.9096 1.78721 -261.919 31671 2
-9.33381 0.639933 -261.919 31716 2
-28.7015 0.510295 -263.081 32481 2

107 -237.5 -225
-14.5063 -4.45477 -236.919 -28918 4
-24.2679 -9.70504 -236.919 -28087 4
-11.1405 -5.13359 -238.081 -27599 4
-9.68206 -4.72524 -238.081 -27394 4
-30.4127 -16.4461 -236.919 -27017 4
-11.296 -7.00035 -238.081 -26499 4
-27.9431 -19.0194 -236.919 -26132 4
-26.1347 -18.4944 -236.919 -25978 4
-14.349 -11.0645 -238.081 -25634 4
-4.15307 -3.30572 -238.081 -25506 4
-11.9961 -9.83939 -238.081 -25385 4
-14.9836 -13.1911 -236.919 -25097 4
-14.5752 -13.2883 -236.919 -24954 4
-14.0502 -15.5245 -236.919 -24167 4
-5.34573 -8.59488 -238.081 -22666 4
-5.57907 -18.7065 -238.081 -20147 4
-5.06377 -17.9773 -238.081 -19984 4
-5.28739 -20.0482 -238.081 -19803 4
-2.92477 -15.6439 -238.081 -18964 4
-2.50669 -15.5563 -238.081 -18657 4
-1.08718 -8.88657 -238.081 -18169 4
-1.96222 -16.4119 -238.081 -18133 4
1.15612 -33.706 -236.919 -15840 4
2.66579 -11.7839 -238.081 -13361 4
1.84732 -7.3875 -224.419 -13106 5
3.32694 -11.4728 -238.081 -12700 4
13.0762 -40.0841 -236.919 -12353 4
7.42993 -20.2816 -238.081 -11991 4
2.72236 -6.55134 -224.419 -11574 5
2.64458 -5.92909 -224.419 -11330 5
3.38351 -6.27911 -224.419 -10646 5
13.6719 -22.8678 -238.081 -10253 4
7.50594 -10.4015 -224.419 -9516 5
22.5196 -30.0432 -238.081 -9364 4
9.19769 -12.0544 -224.419 -9293 5
7.79762 -9.05981 -224.419 -8805 5
3.81131 -4.14011 -224.419 -8530 5
19.8732 -21.291 -225.581 -8474 5
14.1563 -13.9406 -225.581 -8129 5
21.915 -15.1657 -225.581 -6700 5
20.9038 -14.349 -225.581 -6668 5
20.0094 -7.97086 -225.581 -4667 5
9.99496 -3.86787 -224.419 -4571 5
10.7339 -3.7512 -224.419 -4242 5
13.8257 -3.61508 -224.419 -3396 5
26.6208 -4.35401 -225.581 -2303 5
38.3658 -5.09294 -225.581 -1920 5
32.8239 8.25311 -224.419 3291 5
12.1145 3.19082 -224.419 3415 5
20.4566 6.82712 -224.419 4099 5
20.8261 7.15769 -224.419 4190 5
11.2589 3.92974 -224.419 4239 5
5.2485 2.00288 -225.581 4525 5
10.4404 4.58912 -225.581 5002 5
10.0126 4.47245 -225.581 5058 5
15.3018 10.5394 -225.581 6682 5
15.2629 10.8117 -225.581 6793 5
17.5893 16.2635 -224.419 7871 5
5.57907 5.9503 -225.581 8455 5
11.6195 16.4385 -224.419 9598 5
17.4596 27.6196 -224.419 10038 5
3.80954 6.70868 -225.581 10449 5
14.1183 28.446 -224.419 10949 5
9.40924 24.8583 -224.419 11885 5
9.22774 24.5472 -224.419 11907 5
2.66226 7.85595 -225.581 12237 5
4.02344 12.9507 -225.581 12500 5
8.74161 30.0114 -224.419 12688 5
6.50538 31.8587 -224.419 13605 5
2.81782 15.0119 -225.581 13794 5
5.74701 31.4503 -224.419 13852 5
1.90388 13.0868 -225.581 14303 5
3.60801 25.8889 -224.419 14379 5
1.6122 22.3363 -225.581 15281 5
1.87737 31.042 -224.419 15449 5
1.19678 34.1727 -224.419 15829 5
-0.643468 8.05041 -225.581 17596 5
-3.92975 30.3543 -225.581 18261 5
-2.74358 20.2621 -225.581 18337 5
-7.50771 26.9708 -225.581 19951 5
-9.6856 30.3932 -225.581 20343 5
-6.67155 19.2899 -225.581 20594 5
-4.51311 12.6201 -225.581 20699 5
-17.1526 33.7378 -225.581 21906 5
-12.0173 15.924 -238.081 23430 4
-13.0868 15.9046 -238.081 23779 4
-23.0428 21.9716 -238.081 24770 4
-7.56427 5.32628 -236.919 25998 4
-5.79474 3.79009 -236.919 26289 4
-5.17249 3.01227 -236.919 26738 4
-10.7728 6.12354 -236.919 26830 4
-10.5978 5.98743 -236.919 26853 4
-18.5898 9.04036 -238.081 27407 4
-9.17825 4.33456 -236.919 27512 4
-8.61433 4.04288 -236.919 27534 4
-27.5736 12.5794 -238.081 27635 4
-12.134 4.45124 -236.919 28370 4
-8.36154 3.01228 -236.919 28428 4
-19.076 6.68746 -236.919 28515 4
-9.19769 1.8261 -236.919 30053 4
-11.0061 1.45664 -236.919 30853 4
-41.8077 4.02344 -238.081 31329 4
-29.2265 2.52614 -238.081 31464 4
-21.3511 1.53442 -236.919 31669 4
-8.57544 0.581596 -236.919 31727 4
-43.8106 2.52614 -238.081 31874 4
-25.7263 0.464924 -236.919 32477 4

107 -212.5 -200
-13.7285 -3.10137 -211.919 -29748 6
-12.8145 -3.96864 -211.919 -28893 6
-22.1678 -8.84944 -211.919 -28093 6
-10.2071 -4.6669 -213.081 -27627 6
-25.4541 -15.0136 -211.919 -26689 6
-10.3238 -6.417 -213.081 -26487 6
-25.5124 -17.3277 -211.919 -26141 6
-11.9961 -9.25603 -213.081 -25632 6
-5.87724 -4.58912 -213.081 -25584 6
-10.946 -8.98379 -213.081 -25382 6
-13.3767 -12.1923 -213.081 -24955 6
-13.5517 -12.3673 -213.081 -24950 6
-12.8906 -14.1952 -213.081 -24181 6
-12.8446 -14.1633 -211.919 -24175 6
-6.51245 -7.81707 -213.081 -23830 6
-4.91793 -7.85595 -213.081 -22691 6
-9.71388 -34.795 -211.919 -19959 6
-4.47068 -16.0425 -213.081 -19954 6
-4.44151 -17.3551 -213.081 -19722 6
-4.11418 -17.0731 -213.081 -19565 6
-3.88454 -17.5676 -213.081 -19350 6
-2.62336 -13.884 -213.081 -18987 6
-3.14839 -16.8981 -213.081 -18957 6
-2.29279 -14.2146 -213.081 -18659 6
-0.912166 -7.42816 -213.081 -18175 6
-1.67054 -14.1368 -213.081 -18115 6
-0.503814 -11.4534 -213.081 -17074 6
2.43245 -10.7728 -213.081 -13366 6
1.63342 -6.55134 -199.419 -13114 7
2.60569 -9.00147 -199.419 -12705 7
11.0079 -33.7378 -213.081 -12353 6
6.80767 -18.5315 -213.081 -11982 6
2.41123 -5.77353 -199.419 -11557 7
2.41123 -5.38462 -199.419 -11316 7
2.64458 -5.15127 -199.419 -10826 7
5.67807 -10.1293 -199.419 -10498 7
12.1357 -20.3205 -213.081 -10257 6
7.64206 -9.99319 -199.419 -9284 7
6.3781 -7.44583 -199.419 -8824 7
18.8815 -19.5215 -200.581 -8328 7
12.7562 -12.6183 -199.419 -8147 7
22.615 -20.0659 -200.581 -7702 7
15.0897 -12.8517 -200.581 -7535 7
17.9481 -12.4433 -200.581 -6708 7
16.8786 -6.70691 -199.419 -4659 7
8.82823 -3.40118 -199.419 -4556 7
8.75045 -3.09006 -199.419 -4275 7
12.1728 -3.16784 -199.419 -3383 7
21.6039 -3.5373 -199.419 -2305 7
34.0879 -4.50957 -200.581 -1914 7
29.8293 7.48826 -199.419 3287 7
9.89596 2.80014 -200.581 3613 7
9.44871 3.28628 -200.581 4227 7
9.46816 4.16132 -200.581 5002 7
9.0987 4.10299 -200.581 5092 7
12.7739 8.78934 -200.581 6678 7
12.6961 8.9449 -200.581 6772 7
15.6318 14.4356 -199.419 7866 7
4.95682 5.25027 -200.581 8427 7
9.62372 13.5729 -200.581 9586 7
15.9364 25.0333 -199.419 10010 7
3.20673 5.60028 -200.581 10418 7
12.7279 25.8695 -199.419 10981 7
8.53743 22.6707 -199.419 11901 7
8.37214 22.3693 -199.419 11921 7
2.15667 6.41699 -200.581 12262 7
3.57619 11.4145 -200.581 12475 7
7.90545 27.3474 -199.419 12709 7
2.56503 13.6701 -200.581 13795 7
5.08587 28.2613 -199.419 13885 7
1.72888 11.9006 -200.581 14305 7
3.03172 21.7594 -200.581 14380 7
1.70236 28.1835 -199.419 15450 7
1.08011 31.0614 -199.419 15833 7
-0.641699 7.54306 -211.919 17668 6
-2.49726 18.4343 -200.581 18338 7
-4.04642 24.2096 -200.581 18730 7
-4.15661 24.7346 -200.581 18741 7
-6.61322 23.9373 -200.581 19930 7
-8.59665 27.0486 -200.581 20335 7
-6.08819 17.5398 -200.581 20605 7
-13.983 35.2351 -200.581 21038 7
-15.5776 30.6849 -200.581 21900 7
-19.2139 33.2323 -200.581 22386 7
-19.4649 25.9384 -213.081 23407 6
-11.0645 14.4656 -211.919 23484 6
-11.9201 14.4656 -211.919 23785 6
-20.6316 19.6381 -213.081 24778 6
-4.82247 3.12895 -211.919 26320 6
-4.74469 2.74004 -211.919 26770 6
-9.64494 5.51426 -211.919 26808 6
-16.9175 8.22365 -211.919 27408 6
-7.62261 3.59564 -211.919 27516 6
-7.15592 3.36229 -211.919 27530 6
-25.2013 11.4775 -213.081 27641 6
-29.9849 12.5016 -213.081 27947 6
-11.0839 4.10122 -211.919 28342 6
-7.62261 2.74004 -211.919 28435 6
-16.4119 5.7476 -211.919 28518 6
-8.38098 1.67054 -211.919 30045 6
-10.0338 1.33997 -211.919 30837 6
-9.66438 0.892723 -211.919 31382 6
-26.6597 2.33168 -213.081 31450 6
-17.812 1.26219 -211.919 31683 6
-7.81706 0.523258 -211.919 31740 6
-39.552 2.31224 -213.081 31863 6
-22.9067 0.445477 -211.919 32455 6

108 -137.5 -125
-8.00975 -2.46957 -138.081 -28906 8
-15.8286 -6.32154 -136.919 -28092 8
-31.6377 -13.4191 -136.919 -27888 8
-28.9154 -12.5635 -136.919 -27805 8
-7.32916 -3.34462 -138.081 -27634 8
-26.8541 -15.4803 -136.919 -26776 8
-7.40694 -4.58912 -138.081 -26500 8
-18.2115 -12.4522 -136.919 -26114 8
-4.87904 -3.77242 -138.081 -25623 8
-7.83474 -6.417 -138.081 -25390 8
-9.58483 -8.71155 -138.081 -24967 8
-9.42927 -9.41159 -138.081 -24583 8
-9.19592 -10.1894 -138.081 -24156 8
-3.51786 -5.60028 -138.081 -22705 8
-3.84843 -6.82535 -138.081 -22291 8
-14.1863 -28.9224 -136.919 -21775 8
-12.9029 -26.589 -136.919 -21737 8
-2.79837 -10.0533 -138.081 -19951 8
-3.93269 -14.3118 -138.081 -19915 8
-1.65109 -8.71155 -138.081 -18994 8
-5.66275 -31.768 -136.919 -18862 8
-1.65109 -10.1894 -138.081 -18668 8
-0.834384 -7.27259 -138.081 -18070 8
0.0795498 -9.08102 -138.081 -16241 8
3.43065 -21.5455 -138.081 -14133 8
1.59453 -7.13471 -124.419 -13391 9
3.25387 -10.0904 -124.419 -12388 9
4.46774 -13.7674 -138.081 -12369 8
4.88257 -13.3007 -138.081 -11984 8
16.0248 -33.9323 -138.081 -11128 8
6.76701 -11.296 -124.419 -10246 9
13.2423 -16.9935 -125.581 -9208 9
8.75045 -8.84591 -124.419 -8236 9
15.9453 -14.2517 -125.581 -7732 9
15.848 -14.0767 -125.581 -7707 9
18.8232 -14.8999 -125.581 -7238 9
5.89197 -4.12066 -124.419 -6742 9
23.4512 -12.5794 -125.581 -5720 9
22.2261 -11.8988 -125.581 -5712 9
21.8567 -11.646 -125.581 -5695 9
7.8754 -3.1095 -124.419 -4637 9
5.26971 -2.02056 -124.419 -4540 9
7.2337 -1.88444 -124.419 -3386 9
7.19481 -1.2233 -124.419 -2380 9
21.1566 -2.76597 -124.419 -1894 9
43.9078 -2.15668 -125.581 -767 9
15.6341 0.0341759 -124.419 35 9
38.6964 1.81019 -125.581 732 9
25.2985 5.79651 -124.419 3054 9
20.865 5.21315 -124.419 3275 9
29.1293 9.97728 -124.419 4180 9
6.62913 2.95571 -125.581 5052 9
6.39578 2.87793 -125.581 5084 9
28.8181 14.0738 -124.419 5375 9
9.81818 9.10046 -125.581 7881 9
23.3646 21.961 -124.419 7938 9
13.5641 13.7939 -124.419 8260 9
3.26506 4.56968 -125.581 9556 9
11.3279 17.2357 -124.419 9886 9
8.72923 18.2009 -125.581 11073 9
12.4427 29.0586 -124.419 11471 9
11.5482 29.5641 -124.419 11781 9
6.02632 15.9647 -125.581 11894 9
6.00687 16.1008 -125.581 11932 9
2.11778 6.8448 -125.581 12512 9
5.32628 19.4649 -125.581 12863 9
1.76777 9.60604 -125.581 13837 9
3.30396 18.9593 -125.581 13952 9
3.16784 18.9139 -125.581 14033 9
1.2233 8.36154 -125.581 14292 9
1.1844 8.71156 -125.581 14423 9
1.20385 19.8927 -125.581 15449 9
0.756603 21.8956 -125.581 15836 9
-1.75186 12.9312 -125.581 18338 9
-2.0591 11.7373 -125.581 18829 9
-7.42992 31.0155 -125.581 19550 9
-4.18254 15.0119 -125.581 19954 9
-5.36871 16.937 -125.581 20327 9
-4.27976 12.309 -125.581 20610 9
-2.139 5.96798 -136.919 20706 8
-9.82171 24.7735 -125.581 21035 9
-12.1941 26.0569 -125.581 21607 9
-10.9301 21.5261 -125.581 21901 9
-12.2913 23.8207 -125.581 21960 9
-18.0082 32.26 -125.581 22253 9
-15.7137 24.5207 -125.581 22782 9
-19.2528 28.0598 -125.581 23051 9
-14.0591 18.7436 -138.081 23406 8
-13.9618 18.5686 -138.081 23415 8
-8.22542 10.421 -136.919 23611 8
-8.45877 10.3432 -136.919 23754 8
-13.2035 12.56 -136.919 24780 8
-17.4814 14.1545 -138.081 25437 8
-23.354 18.627 -138.081 25498 8
-12.1728 5.8902 -136.919 27425 8
-17.9287 8.1718 -136.919 27638 8
-7.81707 2.85671 -136.919 28383 8
-5.44472 1.96222 -136.919 28427 8
-8.45877 2.95394 -136.919 28527 8
-36.0324 10.1099 -138.081 29178 8
-31.5405 7.6014 -138.081 29586 8
-6.02809 1.22329 -136.919 30004 8
-7.17537 0.970505 -136.919 30815 8
-18.9204 1.74832 -136.919 31382 8
-7.13648 0.464922 -136.919 31765 8
-26.9125 1.57331 -138.081 31863 8
-33.2711 1.20385 -138.081 32195 8
-14.3118 0.328804 -136.919 32400 8

86 -62.5 -50
-33.0378 -9.56892 -61.919 -29088 10
-9.62372 -3.85019 -63.081 -28086 10
-14.2924 -6.02985 -61.919 -27906 10
-17.3648 -7.50771 -61.919 -27822 10
-28.332 -13.9247 -61.919 -27369 10
-12.3655 -7.05869 -63.081 -26814 10
-4.49013 -2.76125 -63.081 -26529 10
-28.7209 -18.2805 -61.919 -26395 10
-11.0432 -7.52538 -63.081 -26127 10
-19.1255 -14.6884 -61.919 -25650 10
-4.74292 -3.86964 -63.081 -25406 10
-5.77353 -5.21138 -63.081 -24995 10
-4.08177 -3.90854 -63.081 -24753 10
-5.50129 -6.14476 -63.081 -24123 10
-6.84303 -9.23658 -63.081 -23356 10
-8.59311 -17.5203 -63.081 -21775 10
-5.75408 -12.1923 -63.081 -21637 10
-6.77172 -18.2398 -63.081 -20819 10
-8.28658 -29.4864 -61.919 -19978 10
-7.93138 -32.7143 -61.919 -19581 10
-6.83595 -36.3506 -61.919 -18977 10
-1.77366 -31.1198 -61.919 -17267 10
1.99875 -33.4921 -61.919 -15461 10
10.5483 -41.1342 -61.919 -13040 10
2.58624 -7.07637 -49.419 -11998 11
9.62402 -23.1498 -63.081 -11572 10
9.82171 -19.951 -63.081 -10979 10
15.3248 -24.1318 -63.081 -10020 10
9.35325 -13.0267 -49.419 -9536 11
5.28916 -6.70691 -49.419 -9160 11
4.84191 -5.01515 -49.419 -8335 11
8.98379 -7.99031 -49.419 -7712 11
12.4451 -6.86247 -49.419 -5823 11
13.4368 -7.30972 -49.419 -5772 11
12.4062 -6.59024 -49.419 -5683 11
16.1397 -3.66046 -49.419 -3028 11
8.43932 -1.10662 -49.419 -1899 11
22.0317 1.05182 -49.419 746 11
40.5632 5.56964 -50.581 1978 11
11.9201 2.95747 -49.419 3256 11
23.4901 8.64202 -49.419 4406 11
16.4703 8.01329 -49.419 5362 11
19.9121 12.4533 -49.419 6304 11
3.90676 3.65574 -50.581 7920 11
13.4545 12.7368 -50.581 7967 11
6.8884 9.56715 -50.581 9525 11
14.9577 23.536 -49.419 10017 11
8.89717 19.4525 -49.419 11242 11
4.67162 10.4616 -50.581 11326 11
7.19304 16.8203 -50.581 11476 11
3.42063 9.35325 -50.581 11996 11
3.20673 11.2006 -50.581 12737 11
1.55387 9.46993 -50.581 14074 11
0.659376 11.4534 -50.581 15492 11
0.426031 12.6201 -50.581 15848 11
-1.14728 8.28199 -61.919 18377 10
-4.27976 17.8315 -50.581 19555 11
-6.30857 25.2013 -50.581 19664 11
-2.06122 7.36805 -61.919 19965 10
-2.64458 8.34032 -61.919 20328 10
-2.72236 7.87363 -61.919 20593 10
-5.25204 14.3702 -50.581 20769 11
-5.67335 14.2729 -50.581 21044 11
-8.09755 18.7454 -50.581 21326 11
-9.03093 19.6529 -50.581 21542 11
-6.98268 15.0119 -50.581 21585 11
-6.98091 13.7656 -61.919 21896 10
-10.0533 15.6713 -61.919 22786 10
-12.5034 18.1214 -63.081 23073 10
-4.29744 6.02632 -61.919 23204 10
-21.349 28.9737 -50.581 23334 11
-8.34209 11.0821 -61.919 23420 10
-13.5729 17.013 -63.081 23654 10
-9.39215 11.471 -61.919 23759 10
-5.89197 5.59852 -61.919 24785 10
-10.4033 8.32088 -61.919 25487 10
-21.3511 16.6241 -63.081 25595 10
-4.08354 3.16784 -61.919 25610 10
-23.4901 14.2517 -63.081 26581 10
-7.35038 3.55675 -61.919 27425 10
-10.7533 4.89848 -61.919 27640 10
-18.8232 4.52902 -61.919 29590 10
-30.3543 6.25966 -63.081 29966 10
-11.2784 1.10662 -61.919 31304 10
-14.1952 0.912167 -61.919 31778 10
-14.8369 0.581594 -61.919 32149 10

88 -37.5 -25
-7.15415 -1.73064 -38.081 -29576 12
-6.16243 -1.51674 -38.081 -29531 12
-25.7846 -7.41048 -36.919 -29110 12
-7.52361 -2.99459 -38.081 -28103 12
-8.74868 -3.67519 -38.081 -27921 12
-13.534 -5.81595 -36.919 -27843 12
-22.0414 -10.8232 -36.919 -27372 12
-7.42639 -4.21966 -38.081 -26831 12
-22.3817 -14.2747 -36.919 -26387 12
-8.61256 -5.87252 -38.081 -26125 12
-11.646 -8.95786 -38.081 -25644 12
-4.50957 -4.06409 -38.081 -25001 12
-18.7755 -23.2833 -36.919 -23697 12
-4.51606 -5.79474 -38.081 -23560 12
-6.72635 -13.6312 -38.081 -21797 12
-3.38174 -7.33093 -38.081 -21556 12
-5.20313 -18.8232 -38.081 -19932 12
-3.93269 -15.0897 -38.081 -19771 12
-5.31921 -28.2613 -36.919 -18979 12
-1.40479 -24.5401 -38.081 -17271 12
1.5574 -26.3875 -38.081 -15470 12
8.27904 -32.435 -38.081 -13052 12
7.50771 -22.0706 -38.081 -12225 12
1.94454 -5.30684 -24.419 -11990 13
6.80767 -16.3925 -38.081 -11576 12
2.41123 -5.77353 -24.419 -11557 13
6.47533 -13.3767 -24.419 -11039 13
14.3719 -29.5441 -38.081 -11022 12
7.70216 -15.4202 -38.081 -10926 12
9.85884 -16.0991 -24.419 -10161 13
5.40583 -7.67918 -24.419 -9615 13
15.2323 -21.291 -25.581 -9550 13
3.53907 -3.7512 -24.419 -8430 13
6.72812 -5.96798 -24.419 -7701 13
11.0061 -7.44583 -24.419 -6611 13
9.29492 -5.19016 -24.419 -5870 13
9.29492 -4.95682 -24.419 -5698 13
10.2866 -5.48184 -24.419 -5695 13
26.8736 -12.385 -25.581 -5168 13
7.85596 -1.7548 -24.419 -2991 13
16.5286 0.79903 -24.419 755 13
30.1404 4.09179 -24.419 1958 13
9.07925 2.25567 -25.581 3260 13
36.7908 10.3014 -24.419 3583 13
17.5981 6.49654 -24.419 4417 13
27.9625 12.8033 -24.419 5145 13
12.5211 6.12531 -25.581 5382 13
15.1462 9.50234 -25.581 6316 13
10.421 8.95138 -25.581 7570 13
10.1487 9.5866 -25.581 7958 13
5.26794 7.11703 -25.581 9415 13
11.2306 17.683 -24.419 10020 13
5.40406 12.6979 -25.581 11492 13
3.30396 7.8754 -25.581 11541 13
2.37058 8.49765 -25.581 12810 13
1.00939 6.24199 -25.581 14103 13
0.484367 8.63377 -25.581 15513 13
0.309359 9.50882 -25.581 15867 13
-0.89449 6.43467 -36.919 18383 12
-3.21027 13.4562 -25.581 19539 13
-4.72701 18.9787 -25.581 19651 13
-1.88621 5.94854 -36.919 20328 12
-2.139 6.12354 -36.919 20625 12
-6.00864 12.9878 -36.919 21566 12
-5.42528 10.7321 -36.919 21885 12
-6.26143 11.5683 -36.919 22137 12
-7.25315 12.9489 -36.919 22266 12
-7.84299 12.1905 -36.919 22798 12
-7.2337 10.8877 -36.919 22924 12
-9.62549 13.9601 -36.919 23070 12
-8.53655 12.0544 -36.919 23176 12
-14.2263 19.2687 -38.081 23342 12
-3.34462 4.45124 -36.919 23413 12
-6.51422 8.63201 -36.919 23430 12
-10.4422 13.1045 -36.919 23649 12
-18.4343 22.4188 -38.081 23777 12
-6.1642 4.93737 -36.919 25481 12
-8.14764 6.37634 -36.919 25575 12
-12.1923 8.78757 -36.919 25905 12
-18.3176 11.1405 -38.081 26571 12
-5.71696 2.77893 -36.919 27408 12
-8.38098 3.80954 -36.919 27647 12
-14.6619 3.55675 -36.919 29569 12
-22.8873 4.97626 -38.081 29841 12
-8.78934 0.873276 -36.919 31287 12
-9.99496 0.678822 -36.919 31726 12
-42.5758 1.91361 -38.081 32063 12
-8.78934 0.354733 -36.919 32132 12

82 -12.5 0
-10.9867 -2.60746 -11.919 -29625 14
-10.3352 -2.57829 -11.919 -29496 14
-41.691 -10.7051 -13.081 -29420 14
-18.5121 -5.27148 -11.919 -29136 14
-5.42351 -2.139 -13.081 -28133 14
-9.87651 -4.21966 -13.081 -27863 14
-15.7702 -7.74105 -11.919 -27373 14
-29.5765 -16.6082 -11.919 -26876 14
-16.2935 -10.3644 -13.081 -26398 14
-6.20132 -4.23911 -13.081 -26115 14
-4.80125 -3.46129 -13.081 -25904 14
-27.807 -20.2445 -11.919 -25865 14
-13.3696 -16.6329 -11.919 -23684 14
-13.9724 -21.047 -11.919 -22921 14
-7.52917 -14.1563 -13.081 -22072 14
-4.8207 -9.78105 -13.081 -21793 14
-2.11779 -5.21138 -13.081 -21118 14
-6.64798 -25.4417 -11.919 -19778 14
-3.84195 -20.5733 -13.081 -18962 14
-1.04828 -17.637 -13.081 -17303 14
1.08423 -18.9399 -13.081 -15496 14
0.933382 -6.86247 0.581 -14422 15
5.91318 -23.2762 -13.081 -13064 14
11.3514 -33.3295 -13.081 -12221 14
2.46957 -5.98743 0.581 -11599 15
3.55851 -8.51533 0.581 -11555 15
13.7691 -28.0598 -13.081 -10990 14
6.55311 -10.771 0.581 -10186 15
18.1055 -26.368 -13.081 -9713 14
14.5452 -21.1743 -0.581 -9712 15
8.03096 -11.3933 0.581 -9610 15
18.2221 -25.6291 -13.081 -9575 14
14.7591 -14.2031 -0.581 -8034 15
4.4919 -3.9651 0.581 -7681 15
21.2344 -16.4296 -0.581 -7146 15
6.12531 -3.49841 0.581 -5955 15
6.94202 -3.69287 0.581 -5689 15
6.18365 -3.28451 0.581 -5683 15
17.637 -8.08753 0.581 -5150 15
7.05869 -1.3983 0.581 -2708 15
7.47677 0.0503807 0.581 109 15
11.0256 0.54624 0.581 773 15
20.0871 2.66579 0.581 1919 15
6.08465 1.52971 -0.581 3291 15
24.5401 6.84008 0.581 3571 15
5.79297 2.04177 -0.581 4269 15
11.7256 4.31865 0.581 4410 15
18.6287 8.52535 0.581 5143 15
8.39866 4.10299 -0.581 5377 15
10.1488 6.39755 -0.581 6334 15
5.4624 3.50018 -0.581 6398 15
17.8032 15.8551 0.581 7717 15
6.78469 6.45588 -0.581 7988 15
3.5373 4.76413 -0.581 9402 15
7.65973 12.0756 -0.581 10025 15
3.63453 8.5171 -0.581 11483 15
1.96222 5.28916 -0.581 11950 15
1.53442 5.79474 -0.581 12953 15
5.78201 36.7201 0.581 14155 15
4.39231 32.2087 0.581 14417 15
4.40528 37.4395 0.581 14659 15
-3.19082 12.7757 -0.581 19658 15
-2.83903 9.00147 -11.919 20312 14
-11.5524 34.0878 -0.581 20531 15
-3.53907 8.84591 -11.919 21065 14
-4.29744 9.29315 -11.919 21564 14
-3.90853 7.65973 -11.919 21919 14
-4.18077 7.54306 -11.919 22226 14
-5.61973 8.70979 -11.919 22809 14
-6.88368 10.0126 -11.919 23058 14
-12.6201 17.8491 -13.081 23170 14
-4.99748 6.68746 -11.919 23391 14
-4.64746 6.18188 -11.919 23415 14
-7.48649 9.37093 -11.919 23660 14
-21.6428 23.9161 -13.081 24167 14
-20.7872 22.6716 -13.081 24220 14
-12.2117 9.58483 -11.919 25563 14
-12.9312 7.89308 -11.919 26557 14
-5.98919 2.74004 -11.919 27625 14
-14.9924 3.73176 -11.919 29502 14
-10.4811 2.56503 -11.919 29546 14
-24.2096 1.04829 -11.919 32088 14

91 12.5 25
-40.6701 -8.9175 11.919 -29821 16
-14.6424 -3.46305 13.081 -29634 16
-11.5441 -2.73709 13.081 -29627 16
-14.3507 -3.67695 13.081 -29426 16
-19.1926 -4.9798 13.081 -29392 16
-11.2589 -3.11304 13.081 -29219 16
-31.6377 -9.10223 13.081 -29107 16
-10.3626 -3.18905 11.919 -28912 16
-11.3639 -3.50583 13.081 -28905 16
-28.6042 -9.31613 13.081 -28742 16
-6.00687 -2.54087 11.919 -27897 16
-9.79873 -4.76413 11.919 -27408 16
-17.7926 -9.95783 13.081 -26888 16
-9.91541 -6.31977 11.919 -26390 16
-6.7458 -4.86136 11.919 -25905 16
-16.7337 -12.167 13.081 -25870 16
-8.26254 -10.2672 11.919 -23689 16
-8.6709 -13.009 11.919 -22936 16
-2.93449 -5.9503 11.919 -21795 16
-2.99283 -7.33093 11.919 -21133 16
-3.62156 -10.1894 11.919 -20680 16
-9.24719 -35.3783 13.081 -19779 16
-2.33817 -12.484 11.919 -18968 16
-0.659377 -10.7144 11.919 -17333 16
0.401873 -7.44583 25.581 -15544 17
0.630504 -11.5117 11.919 -15533 16
2.02728 -34.0755 13.081 -15463 16
3.16548 -39.235 13.081 -15160 16
1.07598 -7.05693 25.581 -14216 17
2.33345 -9.15703 25.581 -13056 17
3.61214 -14.1563 11.919 -13053 16
4.71876 -11.296 25.581 -11556 17
8.26608 -16.9953 11.919 -11022 16
5.3475 -10.9655 25.581 -11013 17
8.8023 -15.5611 25.581 -10464 17
13.6252 -24.0346 11.919 -10456 16
3.24739 -5.36517 25.581 -10206 17
7.13647 -10.3432 25.581 -9694 17
10.5978 -15.1268 25.581 -9634 17
18.9204 -16.0602 24.419 -7522 17
17.8315 -14.8157 24.419 -7435 17
10.3644 -8.04864 25.581 -7161 17
23.0299 -12.7544 24.419 -5839 17
8.78934 -4.02344 25.581 -5144 17
22.232 -9.39621 24.419 -4867 17
9.91717 -0.80846 25.581 -1234 17
21.1177 0.280485 25.581 214 17
10.0727 1.31758 25.581 1895 17
12.309 3.46305 25.581 3597 17
7.69862 2.66402 24.419 4211 17
6.12355 2.29456 24.419 4465 17
9.75984 4.49189 24.419 5163 17
5.69574 2.72236 24.419 5298 17
5.17072 3.28628 24.419 6366 17
7.23194 4.64746 24.419 6409 17
4.89848 3.90853 24.419 7271 17
9.33204 8.3032 24.419 7714 17
23.1507 23.6138 25.581 8273 17
4.27623 4.49189 24.419 8393 17
3.88732 6.20309 24.419 10072 17
5.38727 22.9624 25.581 13270 17
2.87616 19.2315 24.419 14252 17
2.3252 16.9564 24.419 14408 17
2.28307 19.6107 24.419 14675 17
-1.59453 6.66802 13.081 19545 16
-2.3529 9.37093 13.081 19672 16
-4.24087 13.4368 24.419 20314 17
-10.8162 33.0572 24.419 20423 17
-5.9404 17.5009 24.419 20535 17
-2.11955 5.32628 13.081 21047 16
-2.27512 5.40406 13.081 21238 16
-2.58624 5.59852 13.081 21561 16
-3.40295 5.2485 13.081 22828 16
-4.14188 6.02632 13.081 23057 16
-19.0389 26.9514 24.419 23166 17
-16.8981 23.9161 11.919 23167 16
-6.66978 8.94313 13.081 23383 16
-4.53079 5.63741 13.081 23684 16
-12.4529 14.1506 13.081 24053 16
-12.8534 14.5823 11.919 24059 16
-12.2701 13.3767 13.081 24222 16
-6.18365 6.27911 13.081 24513 16
-16.0814 12.6767 11.919 25545 16
-13.1257 9.99319 13.081 25685 16
-4.64746 3.03172 13.081 26299 16
-7.75873 4.74292 13.081 26552 16
-7.36982 2.56503 13.081 28537 16
-8.32265 2.06593 13.081 29509 16
-6.31977 1.55387 13.081 29534 16
-6.1642 1.35941 13.081 29807 16
-11.5571 0.542706 13.081 32033 16

53 37.5 50
-18.4676 -1.82686 38.081 -31293 18
-13.4018 -2.89914 38.081 -29854 18
-18.337 -4.27976 38.081 -29667 18
-36.6546 -9.58837 36.919 -29370 18
-18.3176 -4.81775 38.081 -29356 18
-10.7533 -2.91858 38.081 -29270 18
-32.0655 -9.94487 38.081 -28889 18
-10.4664 -3.39647 36.919 -28753 18
-6.5319 -3.6363 36.919 -26908 18
-8.89257 -5.8103 36.919 -26293 18
-6.16244 -4.43356 36.919 -25912 18
-8.69034 -6.26143 36.919 -25906 18
-3.1095 -4.56968 36.919 -23018 18
-5.40406 -9.35325 36.919 -22383 18
-2.60392 -5.42528 36.919 -21697 18
-3.90676 -9.41159 36.919 -21190 18
-6.24022 -17.6953 36.919 -20655 18
0.701804 -12.4645 36.919 -15510 18
1.11571 -14.3118 36.919 -15199 18
1.28517 -9.70327 36.919 -14467 18
1.5574 -10.1311 36.919 -14200 18
5.42705 -16.4119 36.919 -12312 18
5.23259 -12.5618 36.919 -11566 18
13.0479 -18.6659 49.419 -9643 19
5.20706 -5.96798 50.581 -8749 19
9.00046 -10.3071 50.581 -8746 19
4.14188 -4.12066 50.581 -8170 19
19.3677 -1.52146 50.581 -1193 19
34.224 0.552722 49.419 260 19
18.337 1.01293 50.581 857 19
30.7043 2.49078 49.419 1229 19
19.8732 5.59039 50.581 3597 19
13.534 4.10476 50.581 3812 19
13.4951 4.29921 50.581 3958 19
9.62372 3.30573 49.419 4188 19
8.70979 4.18077 49.419 5313 19
9.02091 5.7753 49.419 6395 19
9.89596 7.70039 49.419 7169 19
7.19304 7.48649 49.419 8355 19
-4.90909 37.3229 50.581 18288 19
-5.23259 16.5675 49.419 20316 19
-2.85848 8.43755 38.081 20529 18
-2.83903 6.7458 38.081 21236 18
-8.32265 11.2182 38.081 23362 18
-4.08354 4.72347 38.081 23980 18
-4.12243 4.52902 38.081 24191 18
-10.5978 10.771 38.081 24509 18
-20.126 15.8657 36.919 25545 18
-5.79474 3.79009 38.081 26289 18
-5.42528 2.83727 38.081 27141 18
-23.004 5.71519 36.919 29507 18
-10.5005 2.35113 38.081 29770 18
-10.7922 2.17612 38.081 30018 18

53 62.5 75
-12.0043 -0.280487 63.081 -32393 20
-20.6899 -2.51455 63.081 -30992 20
-6.27911 -0.998199 61.919 -30520 20
-22.0122 -5.11592 63.081 -29678 20
-22.2456 -5.89373 63.081 -29336 20
-22.2067 -10.9884 63.081 -27344 20
-19.8732 -9.89085 63.081 -27323 20
-10.6154 -7.64206 61.919 -25910 20
-5.36517 -3.94742 61.919 -25823 20
-21.238 -19.1979 63.081 -24989 20
-3.86788 -3.92797 61.919 -24512 20
-7.56251 -8.63377 61.919 -24034 20
-9.01443 -15.5563 61.919 -22394 20
-3.09006 -6.49478 61.919 -21666 20
-4.78181 -11.4534 61.919 -21209 20
-8.89717 -25.3056 63.081 -20645 20
2.20264 -23.4901 61.919 -14979 20
1.5574 -11.6478 61.919 -14451 20
2.60746 -16.8592 61.919 -14189 20
6.37987 -15.3424 61.919 -11572 20
5.97152 -14.2211 61.919 -11538 20
15.6341 -22.4188 74.419 -9652 21
4.278 -4.45124 75.581 -8354 21
5.79474 -5.73464 75.581 -8149 21
4.35578 -3.12895 75.581 -6849 21
6.30032 -1.28811 75.581 -2781 21
28.2542 -2.21501 74.419 -1191 21
47.8358 1.03238 74.419 346 21
34.1267 1.86853 74.419 850 21
14.8822 1.97872 75.581 1922 21
18.4926 5.36871 75.581 3686 21
18.8815 5.71873 75.581 3808 21
18.3176 6.26968 75.581 4177 21
11.6673 4.02697 75.581 4203 21
11.6655 5.65862 74.419 5351 21
10.7904 6.88369 74.419 6381 21
14.9907 11.395 74.419 7075 21
24.0063 18.558 75.581 7143 21
10.0515 10.5005 74.419 8370 21
3.69287 8.53654 74.419 11436 21
1.30107 8.82823 74.419 14279 21
-0.525026 6.80414 63.081 17557 20
-6.22431 19.6593 74.419 20323 21
-3.4224 8.10698 63.081 21247 20
-9.99495 13.435 63.081 23373 20
-14.8369 15.0101 61.919 24528 20
-14.0396 12.8906 63.081 24925 20
-24.2096 19.0937 61.919 25543 20
-6.96147 4.56791 63.081 26276 20
-6.49478 3.40118 63.081 27136 20
-18.5315 6.94998 63.081 28299 20
-14.8758 3.34285 63.081 29761 20
-15.148 3.07061 63.081 30006 20

49 87.5 100
-35.0407 -0.939039 86.919 -32340 22
-7.44583 -0.272236 86.919 -32190 22
-6.7458 -0.738926 86.919 -31150 22
-20.9233 -3.35286 88.081 -30505 22
-6.47356 -1.32229 86.919 -29989 22
-25.6874 -5.91318 88.081 -29702 22
-26.2319 -6.96323 88.081 -29331 22
-4.56791 -2.68347 86.919 -26704 22
-12.5016 -9.06157 86.919 -25882 22
-6.97914 -5.12063 86.919 -25834 22
-4.54847 -4.56968 86.919 -24556 22
-12.7863 -22.1165 88.081 -22386 22
-3.63453 -7.58372 86.919 -21692 22
-5.69574 -13.4562 86.919 -21256 22
-11.7362 -32.5004 88.081 -20730 22
-2.83726 -17.5981 86.919 -18658 22
-0.503815 -7.29204 86.919 -17442 22
1.81019 -13.5729 86.919 -14456 22
3.66399 -23.6457 86.919 -14185 22
1.88621 -5.79297 100.581 -12359 23
7.5466 -18.1426 86.919 -11570 22
16.9387 -24.2679 86.919 -9649 22
5.65862 -5.94854 100.581 -8396 23
7.42816 -7.36805 100.581 -8158 23
5.46417 -3.92621 100.581 -6850 23
12.659 -2.60392 100.581 -2795 23
12.4256 -1.0094 100.581 -1230 23
37.6464 -2.92153 99.419 -1179 23
29.8682 3.9103 100.581 1896 23
36.6222 10.6514 100.581 3691 23
24.0929 7.31325 100.581 3815 23
13.6313 4.70756 100.581 4205 23
23.1012 8.30497 100.581 4332 23
14.8174 7.17713 100.581 5346 23
12.5405 8.01152 99.419 6386 23
20.3894 15.0449 100.581 6956 23
3.90676 3.34462 99.419 7556 23
4.31512 3.83075 99.419 7704 23
12.8776 13.534 99.419 8395 23
5.4624 12.6784 99.419 11450 23
1.90388 13.0868 99.419 14303 23
-0.701804 8.45876 99.419 17639 23
-7.17713 22.7512 99.419 20313 23
-4.00576 9.46816 88.081 21254 22
-11.5506 15.6129 86.919 23350 22
-19.2704 19.4437 86.919 24539 22
-8.10875 5.36517 88.081 26244 22
-7.60317 4.00399 88.081 27116 22
-19.2121 4.34753 88.081 29744 22

62 112.5 125
-8.59488 -0.33234 113.081 -32158 24
-6.84303 -0.408352 111.919 -31845 24
-7.79585 -0.855602 111.919 -31147 24
-34.2629 -5.49186 111.919 -30504 24
-7.50417 -1.4973 111.919 -30042 24
-29.3432 -6.691 113.081 -29725 24
-30.2571 -8.04569 113.081 -29326 24
-6.06521 -2.46957 111.919 -28027 24
-5.22905 -3.03349 111.919 -26752 24
-14.4267 -10.4422 111.919 -25888 24
-8.57367 -6.30032 111.919 -25828 24
-5.20961 -5.19193 111.919 -24589 24
-4.00399 -4.68635 111.919 -23932 24
-16.4031 -28.378 113.081 -22385 24
-2.99283 -5.54195 111.919 -22129 24
-2.49373 -4.86136 111.919 -21938 24
-4.15956 -8.65322 111.919 -21702 24
-6.57079 -15.4202 111.919 -21279 24
-2.37058 -6.31977 111.919 -20853 24
-4.96919 -30.2058 113.081 -18698 24
-0.678823 -10.1505 111.919 -17411 24
2.06298 -15.5369 111.919 -14463 24
4.71405 -30.3738 111.919 -14182 24
1.46489 -8.06809 125.581 -13866 25
2.33345 -7.25138 125.581 -12395 25
8.69388 -20.9233 111.919 -11574 24
19.5185 -27.9625 111.919 -9648 24
3.51962 -4.78181 125.581 -9437 25
4.64746 -5.05405 125.581 -8535 25
7.03925 -7.41991 125.581 -8407 25
9.06157 -9.00147 125.581 -8164 25
4.72524 -4.19845 125.581 -7708 25
6.57256 -4.72347 125.581 -6851 25
19.0176 -3.91973 125.581 -2799 25
18.7454 -1.54738 125.581 -1249 25
44.1411 5.81595 124.419 1907 25
7.56251 1.08894 124.419 2062 25
6.08465 1.16673 124.419 2636 25
29.3237 8.90129 125.581 3815 25
15.6147 5.4076 125.581 4214 25
27.9236 10.4569 125.581 4463 25
7.9903 3.50018 124.419 4990 25
17.7731 8.65499 125.581 5365 25
14.2712 9.11991 124.419 6387 25
5.85131 3.81131 124.419 6462 25
5.17072 4.41411 124.419 7545 25
6.57079 5.77529 124.419 7664 25
15.8392 16.6913 125.581 8406 25
2.8956 4.90025 124.419 10298 25
7.23193 16.8592 124.419 11465 25
2.52614 17.3259 124.419 14299 25
-0.583363 6.97914 113.081 17647 24
-0.837921 9.60604 124.419 17698 25
-8.11052 25.7846 124.419 20304 25
-4.56968 10.8099 113.081 21252 24
-13.184 17.8686 111.919 23340 24
-9.25603 6.13651 113.081 26236 24
-8.67266 4.56791 113.081 27115 24
-22.9651 5.55963 111.919 29574 24
-6.65034 1.53442 113.081 29696 24
-23.3151 5.28739 111.919 29739 24
-6.84479 0.484367 113.081 31685 24

71 137.5 150
-9.74216 -0.390676 138.081 -32136 26
-9.72272 -0.552721 138.081 -31886 26
-8.90601 -0.954594 138.081 -31181 26
-6.59024 -1.05005 136.919 -30516 26
-7.15415 -1.18617 136.919 -30437 26
-8.49589 -1.7112 136.919 -30021 26
-33.0183 -7.46233 138.081 -29747 26
-34.3212 -9.10223 138.081 -29333 26
-8.49589 -3.50018 136.919 -27987 26
-5.87075 -3.40295 136.919 -26755 26
-4.97626 -3.2085 136.919 -26345 26
-16.442 -11.8882 138.081 -25892 26
-10.1488 -7.48649 136.919 -25812 26
-9.56539 -9.31436 136.919 -24684 26
-5.85131 -5.83363 136.919 -24588 26
-5.61796 -6.61145 136.919 -23910 26
-4.19844 -7.83651 136.919 -22099 26
-3.20673 -6.22254 136.919 -21955 26
-4.66514 -9.74216 136.919 -21689 26
-2.97338 -6.3781 136.919 -21593 26
-7.52362 -17.3842 136.919 -21332 26
-3.3234 -8.90601 136.919 -20836 26
-1.06773 -6.8059 136.919 -18605 26
-0.860312 -13.0284 136.919 -17398 26
2.35467 -17.462 136.919 -14437 26
5.80358 -37.4395 138.081 -14185 26
1.73241 -9.29492 136.919 -13810 26
2.80014 -8.65145 150.581 -12377 27
9.84116 -23.704 136.919 -11577 26
5.07526 -7.30972 150.581 -9669 27
4.6669 -6.39578 150.581 -9472 27
6.20958 -6.7458 150.581 -8531 27
8.41987 -8.90424 150.581 -8421 27
10.6755 -10.6154 150.581 -8168 27
6.33921 -5.57907 150.581 -7669 27
7.71984 -5.52074 150.581 -6831 27
5.71696 -2.31224 150.581 -4718 27
25.0846 -5.16424 149.419 -2797 27
25.0457 -2.04 150.581 -1233 27
10.3061 1.44721 150.581 2017 27
8.14587 1.59452 149.419 2682 27
34.574 10.444 150.581 3801 27
17.5981 6.10763 150.581 4221 27
32.8628 12.5441 150.581 4526 27
20.7288 10.1328 150.581 5379 27
16.0213 10.2477 149.419 6391 27
7.83474 5.0947 149.419 6455 27
30.5682 22.3835 150.581 6925 27
6.43467 5.48361 149.419 7538 27
8.76812 7.73928 149.419 7681 27
18.6977 19.6275 150.581 8390 27
3.63453 4.78358 149.419 9310 27
3.24562 5.48361 149.419 10292 27
9.18885 21.2415 150.581 11436 27
3.16784 21.5844 149.419 14287 27
-0.818477 9.19769 149.419 17722 27
-0.974041 10.7533 149.419 17744 27
-9.06334 28.8376 149.419 20301 27
-5.11415 12.21 138.081 21220 26
-5.38815 12.7951 149.419 21238 27
-14.8369 20.1437 136.919 23333 26
-10.3839 6.90136 138.081 26226 26
-20.7677 13.085 136.919 26435 26
-4.6669 2.8956 138.081 26494 26
-4.68635 2.72059 138.081 26750 26
-9.78106 5.17072 138.081 27101 26
-5.5225 2.35113 138.081 27875 26
-27.0681 6.70691 136.919 29514 26
-7.97263 1.84555 138.081 29688 26
-27.6903 6.29207 136.919 29734 26
-8.12819 0.549187 138.081 31731 26

78 162.5 175
-10.8894 -0.449013 163.081 -32119 28
-12.5034 -0.740694 163.081 -31851 28
-9.95606 -1.07127 163.081 -31176 28
-7.36805 -1.12783 161.919 -30593 28
-9.31436 -1.51851 163.081 -30471 28
-9.52826 -1.88797 163.081 -30058 28
-36.4796 -8.22719 161.919 -29752 28
-38.4436 -10.1912 161.919 -29334 28
-10.9849 -4.51134 161.919 -27998 28
-15.2063 -7.25492 163.081 -27476 28
-6.5319 -3.79186 161.919 -26750 28
-18.3477 -13.2883 163.081 -25886 28
-11.7238 -8.67266 161.919 -25801 28
-16.7142 -13.8328 163.081 -25348 28
-5.44296 -5.03637 161.919 -24893 28
-6.51245 -6.49478 161.919 -24587 28
-3.80954 -4.14188 161.919 -24233 28
-7.23193 -8.53654 161.919 -23898 28
-5.40406 -10.1311 161.919 -22083 28
-3.90676 -7.62261 161.919 -21935 28
-5.19016 -10.8506 161.919 -21685 28
-3.80954 -8.22542 161.919 -21570 28
-8.48882 -19.4525 163.081 -21361 28
-4.27623 -11.4923 161.919 -20827 28
-1.22329 -7.89485 161.919 -18582 28
-1.04829 -15.8869 161.919 -17398 28
-0.153795 -8.92546 161.919 -16661 28
2.58801 -19.4065 161.919 -14456 28
6.85364 -44.2066 163.081 -14184 28
2.25744 -12.0367 161.919 -13796 28
3.2085 -10.071 175.581 -12425 29
10.9884 -26.4847 161.919 -11579 28
5.79474 -7.99031 175.581 -9496 29
7.79762 -8.43755 175.581 -8514 29
9.81995 -10.3821 175.581 -8419 29
12.3284 -12.2294 175.581 -8158 29
7.93374 -6.99211 175.581 -7675 29
8.84767 -6.29855 175.581 -6813 29
5.46417 -2.64281 175.581 -5341 29
6.39107 -2.93449 175.581 -5155 29
6.8059 -2.77893 175.581 -4750 29
31.4627 -6.4606 174.419 -2791 29
31.2099 -2.52614 174.419 -1226 29
12.9118 1.84908 175.581 2052 29
10.3061 2.01761 175.581 2682 29
39.5909 11.9607 174.419 3801 29
19.601 6.74933 175.581 4196 29
37.8603 14.6636 175.581 4574 29
6.318 2.64458 174.419 4834 29
23.6651 11.5912 175.581 5386 29
9.85707 6.33921 174.419 6412 29
7.71807 6.53366 174.419 7511 29
10.9655 9.70327 174.419 7691 29
21.4978 22.5832 175.581 8393 29
4.3929 5.81419 174.419 9332 29
3.59564 6.14476 174.419 10335 29
11.0848 25.4125 175.581 11407 29
3.82191 25.9862 175.581 14283 29
-0.954596 10.695 174.419 17726 29
-1.06154 11.852 174.419 17730 29
-10.0356 31.8322 174.419 20311 29
-2.10011 5.92909 163.081 20669 28
-5.95207 14.1757 174.419 21228 29
-16.4703 22.3994 161.919 23326 28
-5.6664 6.46189 163.081 24038 28
-18.3176 15.5351 161.919 25249 28
-4.00576 3.24562 163.081 25434 28
-11.5506 7.67918 163.081 26225 28
-5.21138 3.20673 163.081 26526 28
-5.67807 3.28451 163.081 26763 28
-10.8506 5.73464 163.081 27102 28
-6.72812 2.81782 163.081 27931 28
-31.4822 8.08753 161.919 29419 28
-9.29492 2.15668 163.081 29682 28
-32.085 7.26434 161.919 29743 28
-6.10587 1.30108 163.081 29890 28
-11.8812 1.55387 163.081 30873 28
-9.41159 0.639931 163.081 31724 28

79 187.5 200
-12.0173 -0.487904 188.081 -32128 30
-15.2647 -0.935148 188.081 -31822 30
-11.0061 -1.18794 188.081 -31171 30
-8.18476 -1.16673 186.919 -30723 30
-11.3561 -1.84908 188.081 -30473 30
-10.6075 -2.1116 188.081 -30047 30
-40.0576 -8.95315 186.919 -29775 30
-13.5535 -5.60205 188.081 -27976 30
-5.11238 -2.29456 186.919 -27692 30
-4.77533 -2.60569 186.919 -26984 30
-7.21249 -4.16132 186.919 -26773 30
-20.2728 -14.6689 188.081 -25889 30
-13.2795 -9.91717 186.919 -25763 30
-23.2285 -18.195 188.081 -25571 30
-6.66802 -6.15772 186.919 -24901 30
-7.19304 -7.13648 186.919 -24608 30
-4.52902 -4.90025 186.919 -24253 30
-8.8459 -10.4616 186.919 -23890 30
-6.59023 -12.4062 186.919 -22067 30
-4.58735 -8.96435 186.919 -21930 30
-5.69575 -11.9006 186.919 -21687 30
-4.62625 -10.0922 186.919 -21533 30
-9.46109 -21.4359 188.081 -21401 30
-5.22905 -14.0785 186.919 -20821 30
-1.3983 -9.00324 186.919 -18586 30
-1.20385 -18.7648 186.919 -17371 30
-0.173239 -10.9828 186.919 -16638 30
2.82136 -21.3511 186.919 -14471 30
2.82136 -14.7396 186.919 -13751 30
3.44361 -10.695 186.919 -12393 30
2.25567 -6.00687 200.581 -11911 31
12.1357 -29.2654 186.919 -11581 30
6.94202 -9.60428 200.581 -9510 31
9.39215 -10.1099 200.581 -8493 31
11.2006 -11.8405 200.581 -8419 31
13.9035 -13.7656 199.419 -8151 31
9.52826 -8.37922 200.581 -7666 31
9.95606 -7.09582 200.581 -6817 31
6.24199 -3.03172 200.581 -5356 31
7.95318 -3.22618 200.581 -4728 31
9.95606 -3.91384 200.581 -4623 31
5.58084 -1.74832 200.581 -3908 31
37.8214 -7.77641 199.419 -2794 31
37.6464 -3.02524 199.419 -1218 31
15.5175 2.1991 200.581 2033 31
12.3479 2.413 200.581 2678 31
21.6233 7.44937 200.581 4198 31
7.58195 3.16961 199.419 4830 31
26.5819 13.0302 200.581 5389 31
11.8405 7.58372 199.419 6396 31
4.19844 3.09182 199.419 6948 31
8.96258 7.62261 199.419 7530 31
13.1628 11.6673 199.419 7698 31
5.15127 6.8448 199.419 9348 31
3.94566 6.72812 199.419 10327 31
12.9094 29.6808 200.581 11417 31
4.42472 30.2447 200.581 14292 31
0.523257 7.81707 199.419 15356 31
-1.07127 12.2117 199.419 17705 31
-1.22683 13.0673 199.419 17790 31
-11.0079 34.8657 199.419 20315 31
-1.90565 5.50129 188.081 20599 30
-2.52791 7.21249 188.081 20636 30
-6.51599 15.5564 199.419 21220 31
-18.0648 24.6939 186.919 23305 30
-14.2341 16.8963 186.919 23875 30
-15.498 18.1603 186.919 23928 30
-4.7058 3.79009 188.081 25458 30
-12.7173 8.457 188.081 26224 30
-5.7364 3.57619 188.081 26476 30
-6.72812 3.86787 188.081 26787 30
-11.9201 6.33744 188.081 27080 30
-19.776 10.4599 186.919 27100 30
-7.95318 3.34285 188.081 27919 30
-35.9741 9.3126 186.919 29398 30
-10.6172 2.4678 188.081 29678 30
-36.4796 8.15883 186.919 29773 30
-7.19481 1.53442 188.081 29888 30
-10.695 0.730679 188.081 31720 30

86 212.5 225
-13.1646 -0.507347 213.081 -32160 32
-18.0259 -1.1296 213.081 -31801 32
-12.0367 -1.28517 213.081 -31187 32
-9.00324 -1.20738 213.081 -30830 32
-13.3785 -2.16021 213.081 -30490 32
-11.57 -2.25744 213.081 -30093 32
-16.023 -6.64563 213.081 -27964 32
-5.55963 -2.46957 211.919 -27728 32
-5.19016 -2.83904 211.919 -26974 32
-7.85419 -4.53078 211.919 -26774 32
-32.435 -18.7666 213.081 -26762 32
-14.8545 -11.1422 211.919 -25745 32
-7.89308 -7.25315 211.919 -24922 32
-7.87363 -7.77818 211.919 -24625 32
-5.20961 -5.65862 211.919 -24237 32
-10.4793 -12.4062 211.919 -23886 32
-7.77641 -14.6813 211.919 -22057 32
-5.28739 -10.3644 211.919 -21918 32
-6.24022 -12.9896 211.919 -21700 32
-5.44295 -11.9589 211.919 -21508 32
-10.4139 -23.4388 213.081 -21424 32
-6.16244 -16.6453 211.919 -20810 32
-1.53442 -10.1505 211.919 -18535 32
-1.3983 -21.6039 211.919 -17379 32
-0.231579 -13.0479 211.919 -16669 32
3.07415 -23.3151 211.919 -14475 32
3.36583 -17.462 211.919 -13736 32
5.91966 -23.7234 211.919 -13112 32
4.07142 -16.1564 211.919 -13086 32
3.9103 -12.0951 211.919 -12381 32
2.5668 -6.86247 225.581 -11924 33
2.33345 -5.92909 225.581 -11756 33
13.283 -32.0461 211.919 -11582 32
2.21678 -5.11238 225.581 -11428 33
9.87828 -16.7408 225.581 -10303 33
8.12819 -11.1794 225.581 -9486 33
3.34461 -4.37346 225.581 -9284 33
11.0061 -11.7757 225.581 -8468 33
12.6006 -13.3184 225.581 -8418 33
15.5564 -15.4185 224.419 -8155 33
11.1033 -9.79873 225.581 -7680 33
7.50594 -5.34573 225.581 -6815 33
11.0709 -7.87363 225.581 -6809 33
7.03925 -3.40118 225.581 -5337 33
9.04213 -3.69287 225.581 -4750 33
6.26143 -1.92333 225.581 -3850 33
7.07814 -2.11778 225.581 -3773 33
37.1408 -9.07925 224.419 -3218 33
33.5239 3.88252 224.419 1700 33
18.1037 2.60746 225.581 2062 33
14.3702 2.8408 225.581 2704 33
23.6651 8.09107 225.581 4174 33
8.84591 3.69463 224.419 4826 33
29.5182 14.4886 225.581 5394 33
14.3879 8.76989 224.419 6204 33
13.8434 8.84767 224.419 6388 33
21.3511 13.7108 225.581 6406 33
4.72347 3.46129 224.419 6928 33
10.246 8.67266 224.419 7510 33
15.4697 13.7161 225.581 7699 33
5.92909 7.85596 224.419 9337 33
4.31512 7.33093 224.419 10313 33
13.7391 24.8583 225.581 10551 33
5.06642 34.4644 225.581 14284 33
0.588075 8.9449 224.419 15373 33
-1.20738 13.7479 224.419 17706 33
-1.3435 14.1952 224.419 17800 33
-11.9218 37.9186 224.419 20303 33
-2.23623 6.5319 213.081 20562 32
-2.97515 8.51533 213.081 20626 32
-1.98343 5.50129 213.081 20725 32
-7.09935 16.9175 224.419 21227 33
-11.1732 21.8858 224.419 21921 33
-2.91681 4.80126 213.081 22575 32
-20.4973 28.1375 224.419 23289 33
-5.40583 4.33456 213.081 25476 32
-13.8646 9.21537 213.081 26226 32
-6.30032 3.90676 213.081 26497 32
-7.70039 4.45124 213.081 26766 32
-13.009 6.92081 213.081 27078 32
-4.84191 2.48725 213.081 27207 32
-9.17825 3.82898 213.081 27944 32
-11.9395 2.77893 213.081 29674 32
-8.3032 1.74832 213.081 29918 32
-11.9784 0.795496 213.081 31747 32
-7.58372 0.13435 213.081 32482 32

94 237.5 250
-14.2924 -0.585131 238.081 -32123 34
-20.8066 -1.3435 238.081 -31774 34
-13.0868 -1.36295 238.081 -31222 34
-9.78105 -1.28517 238.081 -30865 34
-15.4397 -2.43245 238.081 -30538 34
-12.5618 -2.43245 238.081 -30110 34
-18.4926 -7.66327 238.081 -27967 34
-6.04576 -2.68347 236.919 -27731 34
-5.65685 -3.07238 236.919 -27001 34
-8.49589 -4.90025 236.919 -26774 34
-16.4614 -12.4133 238.081 -25724 34
-9.05981 -8.26431 236.919 -24952 34
-9.17648 -8.38098 236.919 -24947 34
-8.53478 -8.43932 236.919 -24622 34
-3.65397 -3.83075 236.919 -24382 34
-5.8902 -6.41699 236.919 -24225 34
-12.1127 -14.3507 236.919 -23883 34
-8.98202 -16.9759 236.919 -22053 34
-6.06305 -11.7321 236.919 -21966 34
-6.75876 -14.0785 236.919 -21698 34
-6.27911 -13.8063 236.919 -21505 34
-11.3376 -25.4709 238.081 -21430 34
-7.08285 -19.251 236.919 -20790 34
-2.83727 -14.6424 236.919 -19043 34
-1.68999 -11.2395 236.919 -18525 34
-1.53442 -24.4624 236.919 -17351 34
-0.601041 -15.2063 236.919 -17006 34
-0.270469 -15.0702 236.919 -16672 34
3.34638 -25.2596 236.919 -14467 34
3.89085 -20.2038 236.919 -13738 34
4.3381 -13.534 236.919 -12407 34
2.89737 -7.69862 250.581 -11903 35
2.68347 -6.82358 250.581 -11759 35
14.4108 -34.8073 236.919 -11586 34
2.45012 -5.63093 250.581 -11416 35
9.25603 -12.7739 250.581 -9500 35
3.61685 -4.72347 250.581 -9278 35
12.6006 -13.3961 250.581 -8442 35
13.9229 -14.7184 249.419 -8419 35
17.1898 -17.0519 249.419 -8159 35
8.81526 -8.72923 250.581 -8151 35
19.776 -18.0825 249.419 -7825 35
12.6201 -11.1988 250.581 -7703 35
12.2117 -8.65145 250.581 -6794 35
28.1764 -14.6795 249.419 -5612 35
7.81707 -3.79009 250.581 -5349 35
10.1894 -4.14011 250.581 -4733 35
6.96147 -2.15668 250.581 -3875 35
7.95318 -2.02056 250.581 -3319 35
17.0342 -3.73176 250.581 -2944 35
20.6899 3.01581 250.581 2084 35
16.3925 3.22971 250.581 2696 35
25.668 8.77166 250.581 4172 35
10.1293 4.20021 249.419 4802 35
32.4544 15.947 250.581 5398 35
24.2873 13.9247 250.581 5970 35
15.8657 10.0922 249.419 6369 35
23.0817 14.8581 250.581 6416 35
5.2485 3.86964 249.419 6953 35
11.4905 9.76161 249.419 7525 35
17.6865 15.6995 250.581 7704 35
6.68746 8.88656 249.419 9348 35
4.64569 7.97263 249.419 10351 35
1.76777 5.9503 249.419 12631 35
1.12607 7.0198 249.419 14119 35
5.64978 38.7035 250.581 14296 35
0.678822 10.0727 249.419 15349 35
-0.388908 7.48472 238.081 17193 34
-0.410123 7.81707 249.419 17200 35
-1.38239 15.2452 249.419 17746 35
-1.47962 15.3424 249.419 17825 35
-12.9401 41.1147 250.581 20306 35
-3.40295 9.83762 238.081 20594 34
-2.60569 7.52362 238.081 20598 34
-8.47998 24.2485 249.419 20629 35
-2.29456 6.35689 238.081 20729 34
-7.68272 18.2787 249.419 21232 35
-3.24739 5.32628 238.081 22589 34
-22.1112 30.4516 249.419 23276 35
-5.42528 6.57079 238.081 23793 34
-3.77241 3.47897 238.081 24907 34
-6.12531 4.89848 238.081 25487 34
-15.2128 10.2654 238.081 26166 34
-15.0119 9.97374 238.081 26227 34
-6.84479 4.21789 238.081 26521 34
-8.731 5.01515 238.081 26790 34
-14.0785 7.48473 238.081 27081 34
-5.5614 2.85671 238.081 27208 34
-10.3644 4.35401 238.081 27921 34
-5.28916 2.04 238.081 28207 34
-13.2229 3.05117 238.081 29696 34
-9.41159 1.96222 238.081 29941 34
-13.2618 0.912167 238.081 31713 34
-8.40043 0.173241 238.081 32436 34

99 262.5 275
-15.5563 -0.0989952 263.081 -32664 36
-15.4397 -0.643467 263.081 -32112 36
-23.516 -1.14905 263.081 -32004 36
-23.4512 -1.3435 263.081 -31880 36
-23.6262 -1.40184 263.081 -31850 36
-23.8012 -1.92686 263.081 -31540 36
-14.1174 -1.42128 263.081 -31269 36
-10.5589 -1.32406 263.081 -30942 36
-17.5009 -2.70468 263.081 -30574 36
-13.534 -2.6269 263.081 -30104 36
-20.9427 -8.71332 263.081 -27954 36
-6.49301 -2.89737 261.919 -27712 36
-6.06521 -3.28628 261.919 -27010 36
-9.19592 -5.28916 261.919 -26785 36
-8.76812 -5.0947 261.919 -26746 36
-18.0365 -13.5994 263.081 -25724 36
-8.18476 -7.02629 261.919 -25199 36
-10.2849 -9.25603 261.919 -25007 36
-10.4015 -9.52826 261.919 -24934 36
-9.21537 -9.08102 261.919 -24636 36
-4.14011 -4.35578 261.919 -24368 36
-6.57079 -7.17537 261.919 -24215 36
-4.56791 -5.0947 261.919 -24129 36
-13.8169 -16.3801 263.081 -23880 36
-10.2 -19.3747 263.081 -22034 36
-6.62912 -13.1451 261.919 -21876 36
-7.25138 -15.1674 261.919 -21683 36
-7.11526 -15.6536 261.919 -21503 36
-12.3001 -27.3862 263.081 -21461 36
-9.05273 -23.9833 263.081 -20873 36
-8.08046 -21.961 263.081 -20790 36
-1.84555 -12.4062 261.919 -18505 36
-1.74125 -27.4446 263.081 -17361 36
-0.737158 -17.4037 261.919 -17049 36
-0.328806 -17.112 261.919 -16692 36
3.59917 -27.1847 261.919 -14468 36
4.43533 -22.9262 261.919 -13728 36
4.78534 -14.9924 261.919 -12419 36
3.22794 -8.53478 275.581 -11887 37
3.01404 -7.65973 275.581 -11757 37
2.68347 -6.12354 275.581 -11391 37
10.3839 -14.3684 275.581 -9510 37
3.88909 -5.07349 275.581 -9274 37
10.1116 -12.1516 275.581 -8942 37
15.31 -16.2352 274.419 -8432 37
19.3288 -20.4354 274.419 -8419 37
14.1563 -14.9518 274.419 -8415 37
18.8621 -18.6464 274.419 -8144 37
14.1952 -12.5794 275.581 -7697 37
13.3007 -9.42927 275.581 -6796 37
8.61433 -4.15956 275.581 -5335 37
11.2978 -4.58735 275.581 -4731 37
7.62261 -2.35113 275.581 -3862 37
8.82823 -1.92333 275.581 -2930 37
7.09581 0.155563 274.419 351 37
7.30972 0.369465 274.419 788 37
23.3151 3.38527 275.581 2077 37
18.4343 3.63807 275.581 2700 37
27.7292 9.4328 275.581 4158 37
23.9179 9.43281 275.581 4633 37
11.4516 4.74469 274.419 4799 37
35.4101 17.4249 275.581 5403 37
30.5099 16.8804 275.581 5835 37
24.8318 15.9859 275.581 6416 37
5.73463 4.23911 274.419 6963 37
12.7739 10.8117 274.419 7510 37
19.9033 17.683 275.581 7708 37
7.44583 9.91717 274.419 9357 37
2.8956 4.74469 274.419 10174 37
5.01515 8.57544 274.419 10338 37
2.00111 6.72812 274.419 12628 37
1.26218 7.93374 274.419 14135 37
1.08718 6.98091 274.419 14176 37
-0.487904 8.5171 274.419 17271 37
-1.49907 16.762 274.419 17728 37
-1.61574 16.4897 274.419 17846 37
-5.85485 26.6662 274.419 19333 37
-2.91682 8.53478 263.081 20557 36
-4.06587 11.6284 274.419 20628 37
-3.88909 11.0627 263.081 20645 36
-2.60569 7.21249 263.081 20732 36
-8.26608 19.6399 274.419 21237 37
-3.53907 5.81242 263.081 22584 36
-6.88368 10.8682 263.081 22737 36
-4.25855 3.88732 263.081 24949 36
-6.86424 5.44296 263.081 25522 36
-16.1592 10.771 263.081 26215 36
-7.40871 4.58735 263.081 26502 36
-9.74216 5.59852 263.081 26788 36
-15.148 8.08753 263.081 27065 36
-6.30032 3.20673 263.081 27241 36
-5.60029 2.50669 263.081 27702 36
-11.5117 4.91793 263.081 27863 36
-5.67807 2.19557 263.081 28199 36
-14.5452 3.36229 263.081 29691 36
-10.5005 2.19557 263.081 29934 36
-6.65034 0.912167 263.081 30791 36
-14.5452 0.951059 263.081 31762 36
-9.17825 0.173241 263.081 32464 36

109 312.5 325
-17.6953 -0.721249 313.081 -32126 38
-16.198 -1.5574 313.081 -31330 38
-12.134 -1.46017 313.081 -31008 38
-21.6622 -3.24916 313.081 -30631 38
-15.4786 -2.96395 313.081 -30134 38
-25.9013 -10.794 313.081 -27948 38
-7.42639 -3.28628 311.919 -27741 38
-6.9597 -3.75297 311.919 -27028 38
-20.5538 -11.1246 313.081 -27014 38
-13.5711 -7.56427 311.919 -26904 38
-10.5182 -6.06697 311.919 -26774 38
-7.89308 -5.07526 311.919 -26355 38
-29.8876 -21.6251 313.081 -25889 38
-21.0895 -16.0301 313.081 -25692 38
-12.7739 -11.2784 311.919 -25085 38
-12.8517 -11.745 311.919 -24944 38
-10.5182 -10.345 311.919 -24644 38
-5.13183 -5.38639 311.919 -24377 38
-8.0292 -8.63377 311.919 -24278 38
-17.0837 -20.2692 313.081 -23877 38
-12.5724 -23.925 313.081 -22027 38
-5.05404 -9.74216 311.919 -21980 38
-8.00975 -15.9258 311.919 -21866 38
-8.34032 -17.3453 311.919 -21704 38
-8.79994 -19.4525 313.081 -21487 38
-14.1669 -31.3531 313.081 -21483 38
-9.96667 -27.1529 313.081 -20783 38
-2.13723 -14.6424 311.919 -18470 38
-2.11072 -33.1421 313.081 -17364 38
-0.834387 -21.5067 311.919 -16995 38
-0.445478 -21.1955 311.919 -16721 38
-0.0954599 -7.31148 311.919 -16595 38
4.10476 -31.0738 311.919 -14472 38
4.12479 -31.1587 313.081 -14468 38
5.50483 -28.3903 311.919 -13723 38
5.68372 -28.3203 311.919 -13645 38
6.31093 -27.9024 311.919 -13361 38
1.51674 -6.57079 325.581 -13311 39
5.69928 -17.9287 311.919 -12432 38
2.04177 -5.52074 325.581 -11960 39
3.8502 -10.246 325.581 -11908 39
3.69463 -9.39038 325.581 -11757 39
3.11127 -7.1736 325.581 -11427 39
5.48361 -8.37922 325.581 -9903 39
12.6201 -18.7825 324.419 -9799 39
12.5618 -17.4797 324.419 -9533 39
4.43356 -5.77353 325.581 -9267 39
18.1037 -19.2103 324.419 -8434 39
17.3259 -18.1992 324.419 -8393 39
22.1289 -21.9132 324.419 -8151 39
17.2092 -15.2823 324.419 -7706 39
15.5369 -10.9266 325.581 -6764 39
18.8815 -12.7155 324.419 -6593 39
10.2089 -4.89848 325.581 -5312 39
5.67807 -2.58448 325.581 -5124 39
13.534 -5.48833 325.581 -4727 39
9.00324 -2.75948 325.581 -3843 39
10.5783 -1.80666 325.581 -2390 39
8.75045 0.176777 325.581 324 39
8.32265 0.449013 325.581 838 39
28.507 4.22143 325.581 2113 39
22.4789 4.41588 325.581 2690 39
31.735 10.794 325.581 4158 39
14.0591 5.8354 325.581 4805 39
21.9345 13.983 325.581 6378 39
28.332 18.2027 325.581 6408 39
4.95682 3.46129 324.419 6736 39
6.78469 4.97803 324.419 6933 39
15.3725 13.0355 325.581 7518 39
8.32088 7.33093 324.419 7673 39
24.3368 21.611 325.581 7706 39
8.98203 11.9589 324.419 9356 39
3.28451 5.36694 324.419 10163 39
6.27911 13.6507 324.419 11222 39
2.4678 8.20597 324.419 12595 39
5.54018 19.601 324.419 12773 39
1.57331 9.72272 324.419 14102 39
1.32052 8.53654 324.419 14189 39
0.0624619 27.8529 325.581 16347 39
-0.883883 30.5364 325.581 16844 39
-0.526794 9.95606 324.419 17207 39
-1.79075 19.8149 324.419 17741 39
-0.622254 6.70691 313.081 17775 38
-1.92686 18.7454 324.419 17911 39
-3.75474 11.0061 324.419 20551 39
-3.59741 10.5377 313.081 20553 38
-5.03814 14.1563 324.419 20684 39
-3.22794 8.92369 313.081 20736 38
-9.4328 22.3623 324.419 21244 39
-13.7886 26.0958 324.419 22048 39
-4.18077 6.84303 313.081 22597 38
-5.17249 4.72347 313.081 24947 38
-4.02521 3.65397 313.081 24972 38
-8.24487 6.47356 313.081 25561 38
-18.4148 12.2877 311.919 26210 38
-8.47821 5.22905 313.081 26517 38
-11.7645 6.72635 313.081 26808 38
-17.3064 9.23481 313.081 27067 38
-7.75873 3.9651 313.081 27226 38
-20.6251 9.62372 311.919 27555 38
-6.92258 3.05117 313.081 27755 38
-13.8063 5.96798 313.081 27823 38
-6.53367 2.50669 313.081 28225 38
-17.1703 4.00399 313.081 29669 38
-12.659 2.64281 313.081 29938 38
-33.5239 5.04756 311.919 30623 38
-7.62261 1.02884 313.081 30819 38
-17.112 1.10662 313.081 31772 38
-10.8117 0.173241 313.081 32509 38

104 387.5 400
-21.0789 -0.915703 388.081 -32085 40
-19.3482 -1.75186 388.081 -31407 40
-14.5063 -1.65463 388.081 -31090 40
-27.8653 -4.1242 388.081 -30655 40
-18.4343 -3.4825 388.081 -30164 40
-27.4375 -11.0857 388.081 -28053 40
-33.3295 -13.9441 388.081 -27935 40
-8.80701 -3.88909 386.919 -27749 40
-8.26254 -4.43356 386.919 -27046 40
-12.5535 -7.19481 386.919 -26798 40
-6.64857 -4.64746 386.919 -26027 40
-16.5003 -14.2411 388.081 -25178 40
-16.617 -15.0578 388.081 -24979 40
-12.5016 -12.3284 386.919 -24633 40
-6.64857 -6.94202 386.919 -24399 40
-10.1682 -10.7728 386.919 -24339 40
-10.0639 -20.2109 388.081 -21830 40
-9.92778 -20.6581 388.081 -21702 40
-11.3084 -24.9945 388.081 -21487 40
-9.96667 -23.0305 388.081 -21332 40
-2.60392 -18.0259 386.919 -18452 40
-2.83019 -28.0279 388.081 -17886 40
-2.63574 -41.7175 388.081 -17357 40
-0.710642 -27.6196 388.081 -16794 40
-0.574524 -27.4446 388.081 -16719 40
-0.13435 -9.45048 386.919 -16613 40
0.0795507 -7.36982 386.919 -16209 40
4.90909 -37.0117 388.081 -14465 40
6.94379 -22.3623 386.919 -12501 40
4.62978 -12.3867 386.919 -11926 40
3.79186 -8.74868 400.581 -11429 41
15.8304 -27.3597 386.919 -10378 40
6.9485 -10.6738 400.581 -9923 41
15.848 -22.2827 399.419 -9574 41
5.25027 -6.82358 400.581 -9259 41
3.69463 -4.25678 400.581 -8771 41
22.265 -23.6828 399.419 -8444 41
22.1095 -23.0605 399.419 -8364 41
21.8372 -19.4437 399.419 -7717 41
18.8426 -13.1822 399.419 -6744 41
5.13359 -2.50669 400.581 -5375 41
12.6201 -6.02632 400.581 -5295 41
7.11703 -3.24562 400.581 -5131 41
16.937 -6.88192 400.581 -4733 41
11.045 -3.36229 400.581 -3823 41
13.184 -1.53442 400.581 -1708 41
11.1422 0.235113 400.581 338 41
9.8005 0.526794 400.581 835 41
19.7955 1.49907 400.581 1153 41
36.4796 5.42704 399.419 2121 41
28.4681 5.63446 400.581 2706 41
6.70691 1.78898 399.419 3449 41
37.8408 12.7774 400.581 4135 41
17.8509 7.41048 400.581 4806 41
10.4988 4.45301 399.419 4879 41
27.8459 17.8721 400.581 6404 41
6.35689 4.39467 399.419 6696 41
8.35977 6.12531 399.419 6928 41
19.2033 16.244 400.581 7508 41
11.296 15.0119 399.419 9349 41
3.92621 6.35866 399.419 10129 41
12.9807 32.656 400.581 11723 41
2.4678 6.57256 399.419 11911 41
8.51475 23.1082 400.581 11972 41
7.94435 23.3416 400.581 12223 41
3.05117 9.02268 399.419 12243 41
3.14839 10.4422 399.419 12588 41
6.09703 36.9728 400.581 14064 41
2.02056 12.4645 399.419 14098 41
1.68999 10.8506 399.419 14176 41
-0.633743 12.0853 399.419 17200 41
-0.76014 8.40043 399.419 17743 41
-2.23799 24.4235 399.419 17759 41
-0.777818 7.71807 388.081 17883 40
-2.31578 22.1678 399.419 17933 41
-2.04354 13.0284 399.419 18605 41
-4.80479 14.0007 399.419 20570 41
-6.43821 17.9676 399.419 20706 41
-4.29921 11.8617 399.419 20742 41
-11.1829 26.4458 399.419 21253 41
-3.50018 6.86247 388.081 21918 40
-16.861 31.8127 399.419 22059 41
-15.435 28.7792 399.419 22103 41
-16.8999 31.3849 399.419 22118 41
-2.83903 5.11238 388.081 22233 40
-5.13359 8.34032 388.081 22626 40
-6.53367 6.00687 388.081 24920 40
-5.15304 4.70403 388.081 24949 40
-10.2477 7.97086 388.081 25599 40
-21.8956 14.6018 386.919 26213 40
-10.0922 6.29855 388.081 26472 40
-20.3983 12.2489 386.919 26620 40
-14.8174 8.457 388.081 26814 40
-18.9204 10.771 386.919 26824 40
-20.5149 11.0043 386.919 27047 40
-9.99495 5.0346 388.081 27279 40
-8.86712 3.90676 388.081 27757 40
-17.2481 7.54306 388.081 27782 40
-7.79762 2.99283 388.081 28223 40
-21.0983 4.93737 388.081 29660 40
-15.9744 3.25534 388.081 29994 40
-9.06157 1.22329 388.081 30819 40
-20.9622 1.37886 388.081 31756 40
-13.1937 0.280191 388.081 32427 40

93 487.5 500
-25.6096 -1.1296 488.081 -32075 42
-23.5679 -2.00465 488.081 -31483 42
-17.6565 -1.92686 488.081 -31155 42
-36.013 -5.34926 486.919 -30649 42
-22.3623 -4.22143 488.081 -30166 42
-10.4599 -4.80302 486.919 -27612 42
-5.73464 -2.99459 486.919 -27147 42
-9.99319 -5.38639 486.919 -27029 42
-15.2435 -8.731 486.919 -26801 42
-4.87904 -3.69463 486.919 -25707 42
-21.3617 -18.4025 488.081 -25185 42
-15.4503 -13.3466 488.081 -25174 42
-4.72347 -4.08354 486.919 -25171 42
-21.5562 -19.4525 488.081 -24996 42
-15.1586 -14.9217 488.081 -24640 42
-8.59311 -9.00324 486.919 -24385 42
-12.9878 -13.6701 486.919 -24366 42
-3.63453 -4.39467 486.919 -23800 42
-9.94722 -18.6164 488.081 -22089 42
-12.7863 -25.7723 488.081 -21817 42
-12.0668 -24.975 488.081 -21721 42
-3.20673 -22.5567 486.919 -18423 42
-0.749533 -35.5144 488.081 -16722 42
-0.173241 -12.4451 486.919 -16608 42
-0.224508 -35.7283 488.081 -16486 42
5.95914 -44.7899 488.081 -14460 42
2.97692 -10.2283 486.919 -12690 42
8.6161 -28.2348 486.919 -12553 42
5.91318 -15.848 486.919 -11931 42
5.89373 -14.986 486.919 -11759 42
4.72524 -10.8488 500.581 -11413 43
8.98379 -13.7202 500.581 -9900 43
19.7389 -27.8459 486.919 -9587 42
6.30032 -8.22365 500.581 -9276 43
4.453 -5.13183 500.581 -8772 43
23.3345 -16.1963 499.419 -6712 43
6.3781 -3.12895 500.581 -5392 43
15.848 -7.50417 500.581 -5264 43
9.08102 -4.15956 500.581 -5147 43
21.3803 -8.66117 499.419 -4723 43
13.7285 -4.25678 500.581 -3877 43
34.8268 -6.06521 499.419 -2430 43
16.6064 -1.30108 500.581 -1190 43
7.1347 0.116673 499.419 263 43
14.3507 0.254559 500.581 285 43
11.7645 0.701803 500.581 922 43
36.363 7.17713 499.419 2700 43
8.63201 2.27512 499.419 3417 43
22.9456 9.54948 500.581 4814 43
8.20421 5.61973 499.419 6660 43
10.4404 7.62261 499.419 6914 43
24.2785 20.5415 500.581 7508 43
14.4197 19.1608 500.581 9348 43
4.76236 7.58372 499.419 10064 43
3.20673 8.47821 499.419 11887 43
4.06233 13.4562 499.419 12584 43
2.58447 16.1008 499.419 14117 43
2.19557 13.9229 499.419 14152 43
-0.157332 7.56427 499.419 16717 43
-0.799032 14.8952 499.419 17218 43
-0.915705 10.4228 499.419 17707 43
-2.82843 30.5364 500.581 17772 43
-0.954595 9.52826 499.419 17875 43
-2.86025 26.7569 499.419 17966 43
-2.39356 16.4119 499.419 18469 43
-2.6269 16.5675 499.419 18626 43
-1.2834 7.29027 488.081 18836 42
-7.96792 24.3457 499.419 20423 43
-6.16597 18.0065 499.419 20563 43
-8.20774 23.004 499.419 20692 43
-5.50483 15.2452 499.419 20730 43
-13.4775 31.9294 499.419 21247 43
-3.44184 6.18188 488.081 22243 42
-6.39755 10.3821 488.081 22630 42
-6.70868 7.15415 488.081 24312 42
-6.65034 6.12354 488.081 24913 42
-8.36154 7.67918 488.081 24924 42
-12.9118 9.97374 488.081 25627 42
-26.4847 17.713 486.919 26201 42
-12.2506 7.67918 488.081 26455 42
-26.718 16.3907 486.919 26538 42
-18.7843 10.7127 486.919 26817 42
-24.8124 13.3184 486.919 27045 42
-12.9507 6.51245 488.081 27285 42
-21.74 9.54594 486.919 27768 42
-11.4728 5.0346 488.081 27771 42
-18.4602 7.87363 488.081 27869 42
-9.48937 3.59564 488.081 28265 42
-26.2902 6.16243 486.919 29656 42
-20.2621 4.10122 488.081 30009 42
-10.9478 1.51498 488.081 30776 42
-26.0569 1.72888 486.919 31748 42
-16.4703 0.270468 488.081 32503 42

90 587.5 600
-7.46705 -0.137886 588.081 -32470 44
-30.0626 -1.3435 586.919 -32067 44
-27.8264 -2.29633 588.081 -31519 44
-20.7677 -2.16021 588.081 -31224 44
-44.1606 -6.45765 586.919 -30677 44
-26.3486 -4.94091 588.081 -30180 44
-11.9572 -5.87252 586.919 -27371 44
-6.72635 -3.48073 586.919 -27180 44
-11.7627 -6.30032 586.919 -27053 44
-17.9676 -10.2495 588.081 -26816 44
-4.47068 -3.71408 586.919 -25333 44
-18.3282 -15.6801 588.081 -25213 44
-5.73464 -4.93914 586.919 -25186 44
-18.1726 -15.7579 588.081 -25159 44
-17.7643 -17.4885 588.081 -24640 44
-15.8003 -16.5746 588.081 -24380 44
-10.596 -11.1228 586.919 -24377 44
-4.37345 -5.21138 586.919 -23859 44
-2.77893 -4.62801 586.919 -22530 44
-15.5281 -31.3142 588.081 -21815 44
-14.1863 -29.3113 588.081 -21727 44
-3.82191 -27.1529 588.081 -18405 44
-0.905098 -43.2926 588.081 -16719 44
-0.134349 -15.4397 586.919 -16525 44
0.864439 -44.3232 588.081 -16070 44
0.991717 -6.33744 600.581 -14167 45
10.2495 -34.1462 586.919 -12601 44
7.19658 -19.2704 586.919 -11929 44
7.06046 -18.2398 586.919 -11811 44
7.29381 -18.4343 586.919 -11739 44
11.8635 -25.8819 586.919 -11234 44
11.0256 -16.7602 599.419 -9882 45
7.35038 -9.62372 600.581 -9289 45
5.21138 -6.00687 600.581 -8772 45
7.64206 -3.73176 600.581 -5375 45
19.0565 -8.96258 599.419 -5240 45
11.0256 -5.01515 600.581 -5122 45
25.9402 -10.4793 599.419 -4714 45
16.4119 -5.07349 600.581 -3868 45
20.1844 -1.14551 600.581 -879 45
8.76989 0.118439 600.581 218 45
17.5398 0.33234 600.581 304 45
13.8257 0.857367 600.581 956 45
15.6341 1.07127 600.581 1050 45
44.2384 8.71332 599.419 2696 45
10.5978 2.80191 600.581 3425 45
28.0403 11.6885 600.581 4820 45
10.0515 6.8448 599.419 6637 45
12.56 9.11991 599.419 6892 45
4.21789 3.73352 599.419 7692 45
17.5309 23.2833 600.581 9346 45
5.65685 8.82823 599.419 9985 45
3.90676 10.345 599.419 11892 45
4.95682 16.4508 599.419 12590 45
2.72059 16.9759 599.419 14120 45
3.12895 19.7566 599.419 14143 45
-0.215668 8.86712 599.419 16773 45
-0.954594 17.6953 599.419 17222 45
-1.03238 12.4062 599.419 17642 45
-3.41179 36.6423 600.581 17779 45
-1.1296 11.1811 599.419 17887 45
-3.33401 31.4309 600.581 17955 45
-2.89914 19.8732 599.419 18469 45
-3.17137 20.0677 599.419 18619 45
-1.61574 9.10046 599.419 18854 45
-7.5466 22.0317 599.419 20564 45
-10.0939 28.0014 599.419 20725 45
-6.78823 18.6287 599.419 20759 45
-6.06698 11.6849 588.081 21983 44
-4.04465 7.25138 588.081 22250 44
-7.6615 12.4239 588.081 22633 44
-3.4224 3.82898 588.081 24116 44
-8.16708 7.48472 588.081 24933 44
-10.2283 9.3126 588.081 24959 44
-15.5952 11.9572 586.919 25657 44
-10.0922 7.58195 588.081 25739 44
-14.4285 9.07925 588.081 26440 44
-22.8095 13.0267 586.919 26812 44
-9.27547 5.28739 588.081 26819 44
-29.1487 15.6713 586.919 27039 44
-15.8869 7.97086 588.081 27294 44
-26.193 11.6655 586.919 27719 44
-14.0979 6.18188 588.081 27773 44
-11.1617 4.25678 588.081 28244 44
-17.9676 4.84015 588.081 29291 44
-31.5016 7.40694 586.919 29649 44
-24.579 4.91793 586.919 30036 44
-12.834 1.80666 588.081 30746 44
-31.2099 2.09834 586.919 31735 44
-19.7177 0.315842 588.081 32509 44

89 637.5 650
-8.16708 -0.137886 638.081 -32495 46
-32.3378 -1.44073 636.919 -32069 46
-29.9071 -2.43245 636.919 -31535 46
-22.3039 -2.29633 638.081 -31238 46
-28.3903 -5.27148 638.081 -30202 46
-12.6767 -6.39755 636.919 -27272 46
-7.25138 -3.73352 636.919 -27199 46
-12.6378 -6.74757 636.919 -27065 46
-19.2899 -11.0273 638.081 -26808 46
-4.45124 -3.18905 636.919 -25929 46
-4.85959 -4.0252 636.919 -25345 46
-19.7477 -16.8274 638.081 -25230 46
-6.25966 -5.34749 636.919 -25219 46
-19.456 -16.9635 638.081 -25136 46
-5.05404 -4.56968 636.919 -24988 46
-19.106 -18.7914 638.081 -24644 46
-17.2004 -17.9747 638.081 -24395 46
-11.6072 -12.134 636.919 -24394 46
-4.72347 -5.63918 636.919 -23852 46
-3.05117 -5.05581 636.919 -22550 46
-15.2558 -31.5087 638.081 -21728 46
-1.49553 -5.91141 636.919 -19692 46
-4.13304 -29.4086 638.081 -18402 46
-0.173243 -16.9564 636.919 -16549 46
1.0695 -6.88192 650.581 -14180 47
11.1051 -37.1019 636.919 -12609 46
7.83828 -21.0011 636.919 -11930 46
7.99384 -20.2233 636.919 -11742 46
5.97152 -13.6896 636.919 -11407 46
12.064 -18.2731 649.419 -9868 47
7.89485 -10.3238 650.581 -9284 47
5.60029 -6.47356 650.581 -8784 47
8.3032 -4.04288 650.581 -5365 47
20.6899 -9.7404 649.419 -5244 47
11.9978 -5.40406 650.581 -5087 47
28.2153 -11.3544 649.419 -4701 47
17.7731 -5.50129 650.581 -3872 47
30.2182 -6.90136 649.419 -3046 47
21.9345 -1.10662 650.581 -786 47
9.56715 0.137886 650.581 232 47
19.1343 0.371231 650.581 311 47
14.8952 0.876812 650.581 910 47
16.937 1.1685 650.581 1057 47
11.57 3.07415 650.581 3439 47
30.5877 12.7191 650.581 4811 47
10.9849 7.46704 649.419 6630 47
13.6878 9.89773 649.419 6875 47
4.6068 4.04465 649.419 7659 47
19.0671 25.3639 650.581 9352 47
6.18188 9.46993 649.419 9912 47
4.27623 11.2978 649.419 11885 47
5.44295 17.9481 649.419 12571 47
2.97338 18.5121 649.419 14116 47
3.40118 21.5844 649.419 14153 47
-0.196222 9.50882 649.419 16715 47
-0.993486 19.0565 649.419 17195 47
-1.11016 13.4174 649.419 17636 47
-3.70347 39.6563 650.581 17783 47
-1.22683 11.9784 649.419 17906 47
-3.60625 33.7255 650.581 17966 47
-3.24916 21.5455 649.419 18530 47
-3.44361 21.8178 649.419 18617 47
-1.75186 9.93662 649.419 18839 47
-8.22719 24.0346 649.419 20562 47
-11.0273 30.4904 649.419 20735 47
-7.46882 20.3594 649.419 20781 47
-6.592 12.6378 638.081 22000 46
-4.33633 7.8153 638.081 22230 46
-8.28376 13.435 638.081 22633 46
-3.71408 4.12066 638.081 24150 46
-8.90601 8.22365 638.081 24902 46
-11.1422 10.1488 638.081 24958 46
-16.937 12.9489 636.919 25669 46
-11.7645 7.8153 638.081 26228 46
-15.5175 9.77929 638.081 26434 46
-10.1116 5.85131 638.081 26762 46
-24.8124 14.174 636.919 26811 46
-10.2477 5.75408 638.081 26876 46
-17.3453 8.72923 638.081 27282 46
-28.3126 12.722 636.919 27688 46
-15.4008 6.78469 638.081 27757 46
-12.0173 4.56791 638.081 28255 46
-34.1462 8.0292 636.919 29648 46
-26.7375 5.32628 636.919 30046 46
-17.7731 3.24562 638.081 30238 46
-13.7868 1.94278 638.081 30744 46
-33.7573 2.27335 636.919 31734 46
-7.24342 0.182964 638.081 32364 46
-21.39 0.328804 638.081 32519 46

90 687.5 700
-8.86712 -0.137886 688.081 -32517 48
-34.6129 -1.53796 686.919 -32070 48
-32.0461 -2.54912 686.919 -31560 48
-23.8596 -2.413 688.081 -31263 48
-30.4904 -5.66039 688.081 -30202 48
-7.75696 -4.00576 686.919 -27188 48
-13.435 -6.96146 686.919 -27176 48
-13.5128 -7.19481 686.919 -27075 48
-20.6122 -11.8051 688.081 -26801 48
-4.8207 -3.48073 686.919 -25898 48
-5.2485 -4.33633 686.919 -25355 48
-6.78469 -5.75585 686.919 -25248 48
-21.1283 -17.9358 688.081 -25245 48
-20.7783 -18.208 688.081 -25116 48
-5.34573 -4.93914 686.919 -24899 48
-20.4283 -20.0359 688.081 -24655 48
-18.6199 -19.3942 688.081 -24409 48
-12.5794 -13.184 686.919 -24383 48
-5.07349 -6.06697 686.919 -23845 48
-3.28451 -5.44472 686.919 -22548 48
-1.6122 -6.417 686.919 -19673 48
-4.46361 -31.6837 688.081 -18407 48
-0.13435 -18.4732 686.919 -16502 48
1.16673 -7.48473 700.581 -14174 49
11.9289 -40.1813 688.081 -12633 48
8.46053 -22.7123 686.919 -11937 48
8.73277 -21.9733 686.919 -11724 48
6.43821 -14.7785 686.919 -11412 48
13.1451 -19.8131 699.419 -9849 49
8.43932 -11.0238 700.581 -9279 49
5.98919 -6.86247 700.581 -8748 49
8.90601 -4.33456 700.581 -5363 49
22.2845 -10.4793 699.419 -5240 49
12.9507 -5.81242 700.581 -5075 49
30.4904 -12.2294 699.419 -4690 49
19.1149 -5.90965 700.581 -3869 49
23.704 -1.04828 700.581 -693 49
10.345 0.137886 700.581 215 49
20.7288 0.410122 700.581 317 49
15.9453 0.915703 700.581 889 49
18.162 1.21387 700.581 1026 49
12.5812 3.34638 700.581 3442 49
33.1156 13.7691 700.581 4811 49
11.9183 8.0893 699.419 6624 49
14.7962 10.6561 699.419 6859 49
4.99571 4.43356 699.419 7703 49
6.70691 10.1116 699.419 9850 49
4.6068 12.2117 699.419 11896 49
5.8902 19.4843 699.419 12580 49
1.33997 6.22254 699.419 13480 49
3.22618 20.0094 699.419 14109 49
3.67342 23.4123 699.419 14161 49
3.66635 23.4194 700.581 14166 49
0.620485 15.7508 699.419 15763 49
-0.215669 10.1894 699.419 16723 49
-1.05182 20.4372 699.419 17185 49
-1.14905 14.3896 699.419 17595 49
-3.99515 42.7481 700.581 17784 49
-1.30461 12.834 699.419 17895 49
-3.87848 36.02 700.581 17976 49
-3.6964 23.5873 699.419 18603 49
-3.75474 23.1401 699.419 18671 49
-1.91714 10.8019 699.419 18853 49
-6.57433 30.1599 699.419 19316 49
-8.92722 26.0569 699.419 20564 49
-11.9218 33.0183 699.419 20730 49
-8.11052 22.0511 699.419 20789 49
-7.05869 13.5711 688.081 21989 48
-4.62801 8.37922 688.081 22213 48
-8.90601 14.4462 688.081 22632 48
-3.94742 4.43179 688.081 24102 48
-9.68383 8.92369 688.081 24910 48
-12.0562 10.9849 688.081 24956 48
-18.2787 13.9406 686.919 25678 48
-16.6064 10.4793 688.081 26429 48
-16.5675 10.4404 686.919 26434 48
-13.4757 8.00975 688.081 26660 48
-10.9672 6.318 688.081 26779 48
-26.8736 15.3018 686.919 26823 48
-11.22 6.25966 688.081 26900 48
-18.8037 9.40982 686.919 27303 48
-30.4127 13.8628 686.919 27638 48
-16.7231 7.32916 688.081 27775 48
-12.8729 4.87904 688.081 28264 48
-36.7519 8.61256 686.919 29657 48
-28.9154 5.75408 686.919 30048 48
-14.7688 2.04973 688.081 30771 48
-17.5398 1.6122 688.081 31388 48
-36.363 2.4678 686.919 31726 48
-23.1012 0.328806 688.081 32538 48

94 737.5 750
-9.5866 -0.196222 738.081 -32439 50
-36.8491 -1.63518 736.919 -32071 50
-34.1656 -2.72413 736.919 -31558 50
-25.4152 -2.52967 738.081 -31284 50
-32.5517 -6.01041 738.081 -30214 50
-8.2431 -4.25855 736.919 -27186 50
-14.174 -7.46704 736.919 -27114 50
-14.3684 -7.6615 736.919 -27070 50
-21.9733 -12.583 738.081 -26802 50
-5.19016 -3.77242 736.919 -25871 50
-5.61796 -4.6669 736.919 -25333 50
-22.4506 -18.9469 738.081 -25269 50
-7.29027 -6.18365 736.919 -25248 50
-5.22905 -4.58912 736.919 -25109 50
-22.1201 -19.472 738.081 -25097 50
-5.69574 -5.28916 736.919 -24879 50
-21.7636 -21.3193 738.081 -24660 50
-19.9616 -20.8137 738.081 -24404 50
-13.6224 -14.2411 738.081 -24394 50
-5.4624 -6.49477 736.919 -23868 50
-3.55675 -5.87252 736.919 -22564 50
-1.72888 -6.92257 736.919 -19658 50
-4.75529 -33.9199 738.081 -18398 50
-0.153796 -20.0094 736.919 -16508 50
1.24451 -8.0292 750.581 -14185 51
9.08279 -24.5012 736.919 -11952 50
9.43767 -23.6894 736.919 -11716 50
6.92434 -15.848 736.919 -11402 50
14.2341 -21.4077 749.419 -9840 51
14.1563 -21.2521 749.419 -9833 51
8.96435 -11.7433 750.581 -9291 51
6.35866 -7.30972 750.581 -8762 51
4.39467 -3.09006 750.581 -6764 51
9.52826 -4.64569 750.581 -5370 51
23.9471 -11.228 749.419 -5229 51
13.9229 -6.24022 750.581 -5070 51
32.785 -13.1239 749.419 -4683 51
20.4566 -6.318 750.581 -3866 51
25.4541 -1.00939 750.581 -624 51
11.1422 0.157333 750.581 228 51
22.3039 0.429567 750.581 309 51
17.0148 0.974039 750.581 887 51
19.3677 1.30461 750.581 1033 51
19.4843 1.3435 750.581 1056 51
13.6118 3.63807 750.581 3455 51
35.6435 14.8192 750.581 4811 51
5.07349 2.48901 749.419 5392 51
12.8517 8.71156 749.419 6619 51
15.9364 11.4215 750.581 6840 51
5.38462 4.74469 749.419 7674 51
3.82898 4.278 749.419 8645 51
12.164 16.5357 750.581 9439 51
7.25138 10.7339 749.419 9778 51
4.97626 13.1646 749.419 11889 51
6.36926 20.9887 750.581 12569 51
1.41775 6.61145 749.419 13491 51
3.49841 21.5261 749.419 14093 51
3.93859 25.2472 750.581 14173 51
-0.235113 10.8311 749.419 16732 51
-1.07127 21.8567 749.419 17149 51
-2.42007 35.0672 750.581 17441 51
-1.22683 15.4008 749.419 17592 51
-4.30628 45.7816 750.581 17792 51
-1.40184 13.6312 749.419 17911 51
-4.17016 38.2951 750.581 17992 51
-3.9103 25.318 749.419 18575 51
-4.1242 24.9096 749.419 18711 51
-4.3381 24.8124 749.419 18822 51
-2.04354 11.5506 749.419 18846 51
-9.62726 28.0792 749.419 20567 51
-12.8163 35.5463 749.419 20725 51
-2.58624 6.33744 738.081 21132 50
-14.2358 30.7821 749.419 21565 51
-7.48649 14.4267 738.081 21981 50
-7.62261 14.5629 738.081 22013 50
-4.93914 8.92369 738.081 22221 50
-9.54771 15.4768 738.081 22635 50
-4.21966 4.70403 738.081 24131 50
-10.4357 9.62372 738.081 24907 50
-12.9896 11.8405 738.081 24955 50
-19.6788 14.9518 736.919 25694 50
-17.6565 11.1405 736.919 26429 50
-11.9006 6.86247 738.081 26775 50
-28.8959 16.4685 736.919 26820 50
-12.2117 6.73284 738.081 26945 50
-15.1285 8.22365 738.081 26998 50
-20.2816 10.1488 736.919 27303 50
-18.0065 7.91252 738.081 27766 50
-13.709 5.20961 738.081 28256 50
-31.1127 6.16244 736.919 30059 50
-15.673 2.23446 738.081 30723 50
-38.9298 2.62337 736.919 31733 50
-24.7735 0.367697 738.081 32528 50
-17.112 0.0176773 738.081 32751 50

