55 -287.5 -275
-23.5095 -1.16849 -286.919 -31992 0
-19.7566 -1.14905 -286.919 -31867 0
-23.3345 -5.42704 -286.919 -29676 0
-8.76812 -3.77242 -288.081 -27839 0
-6.24022 -3.18905 -288.081 -27226 0
-9.93485 -5.0947 -288.081 -27214 0
-18.4148 -10.0745 -286.919 -26974 0
-18.6482 -10.4634 -286.919 -26879 0
-18.231 -13.1716 -286.919 -25895 0
-18.2699 -22.3888 -286.919 -23746 0
-8.97495 -20.7942 -286.919 -21323 0
-12.3974 -31.6837 -286.919 -20991 0
-6.91374 -25.5 -286.919 -19878 0
-6.66095 -30.9253 -286.919 -19287 0
-6.15536 -36.4089 -286.919 -18753 0
-0.737159 -25.4541 -288.081 -16845 0
5.60205 -27.7875 -288.081 -13635 0
6.80767 -32.0655 -288.081 -13514 0
3.92975 -16.8981 -288.081 -13292 0
7.60493 -15.7119 -288.081 -11040 0
7.68271 -15.4786 -288.081 -10949 0
7.40871 -14.5045 -274.419 -10844 1
14.0396 -13.6684 -275.581 -8082 1
17.5787 -14.5629 -275.581 -7423 1
20.4372 -14.6212 -275.581 -6832 1
13.7285 -8.53478 -274.419 -6280 1
16.937 -8.20421 -274.419 -5346 1
5.89197 -2.72059 -274.419 -5175 1
24.4624 -10.0126 -275.581 -4758 1
18.1037 -7.3875 -274.419 -4748 1
12.834 -3.05117 -274.419 -3146 1
17.7602 -2.27335 -274.419 -1859 1
24.6957 -2.09834 -274.419 -1283 1
17.1703 4.04642 -274.419 3124 1
9.23481 2.83903 -275.581 3852 1
34.2045 18.1638 -274.419 5682 1
15.6518 10.5005 -275.581 6578 1
22.1006 16.6718 -274.419 7044 1
20.2728 15.6801 -274.419 7145 1
20.0783 19.0636 -274.419 7979 1
14.7502 14.8634 -274.419 8223 1
8.457 8.98379 -275.581 8439 1
8.49589 9.10046 -275.581 8473 1
7.25138 18.8232 -275.581 11827 1
7.21249 18.9399 -275.581 11865 1
1.70943 13.009 -275.581 14481 1
1.30108 14.5841 -275.581 15042 1
0.0176773 7.77818 -275.581 16346 1
-2.33522 27.632 -275.581 17660 1
-1.03238 9.06157 -275.581 18059 1
-22.7317 15.5157 -288.081 26121 0
-8.49766 4.3929 -286.919 27184 0
-17.3259 8.94313 -286.919 27190 0
-14.0979 5.55963 -286.919 28134 0
-30.1988 7.54306 -288.081 29493 0

64 -262.5 -250
-21.6039 -1.09071 -261.919 -31980 2
-17.987 -1.05182 -261.919 -31862 2
-20.9233 -4.80479 -261.919 -29708 2
-7.36805 -3.15016 -263.081 -27861 2
-8.13939 -3.67519 -263.081 -27671 2
-9.19592 -4.6669 -263.081 -27252 2
-5.69575 -2.90385 -263.081 -27235 2
-33.7962 -17.2369 -261.919 -27234 2
-15.6518 -8.47821 -263.081 -27011 2
-15.6518 -8.82823 -263.081 -26859 2
-27.9431 -19.0583 -261.919 -26124 2
-16.617 -11.9466 -261.919 -25915 2
-24.1229 -19.6859 -261.919 -25405 2
-8.15824 -18.8886 -261.919 -21325 2
-10.4528 -26.7057 -261.919 -20992 2
-6.40816 -23.5555 -261.919 -19887 2
-6.15536 -28.6308 -261.919 -19283 2
-5.59145 -33.1227 -261.919 -18750 2
-0.678823 -23.529 -263.081 -16843 2
3.58032 -47.4928 -261.919 -15235 2
5.11592 -25.2791 -263.081 -13626 2
3.57973 -15.4202 -263.081 -13297 2
6.82712 -14.0785 -263.081 -11033 2
6.41699 -13.2017 -249.419 -11025 3
6.61145 -13.085 -249.419 -10884 3
13.4969 -20.9427 -263.081 -9963 2
21.7206 -24.7717 -250.581 -8729 3
3.57796 -4.06233 -249.419 -8711 3
11.57 -11.1988 -249.419 -8058 3
16.7231 -15.3601 -250.581 -7843 3
17.0342 -15.0036 -250.581 -7672 3
18.8621 -16.2352 -250.581 -7578 3
16.9694 -14.6018 -250.581 -7577 3
17.1509 -14.6212 -250.581 -7539 3
17.9092 -15.0879 -250.581 -7491 3
15.9453 -13.2406 -250.581 -7432 3
17.0828 -13.9989 -250.581 -7379 3
12.1923 -7.58195 -249.419 -6282 3
15.5758 -7.50417 -249.419 -5327 3
21.8275 -8.91397 -250.581 -4750 3
16.1203 -6.57079 -249.419 -4744 3
10.6561 -2.50669 -249.419 -3120 3
14.2729 2.1991 -249.419 2187 3
15.9258 3.77418 -249.419 3138 3
8.37922 2.60569 -250.581 3886 3
34.3212 15.9081 -249.419 5188 3
28.4487 15.1303 -249.419 5688 3
14.4462 9.60604 -250.581 6543 3
16.8504 13.0355 -249.419 7146 3
21.1283 19.0247 -249.419 7762 3
17.5504 16.769 -249.419 8005 3
7.05692 7.50594 -250.581 8444 3
6.57079 17.0536 -250.581 11827 3
6.51245 17.1509 -250.581 11874 3
5.31921 40.0063 -249.419 14461 3
1.59276 12.0367 -250.581 14469 3
1.12607 13.009 -250.581 15078 3
-1.92687 22.9845 -250.581 17651 3
-19.1732 13.1239 -263.081 26110 2
-19.5816 13.2211 -263.081 26164 2
-7.73928 4.02344 -261.919 27163 2
-15.5175 7.99031 -261.919 27199 2
-13.0479 5.13183 -261.919 28143 2
-27.0875 6.80414 -263.081 29478 2

57 -237.5 -225
-16.198 -0.935148 -236.919 -31873 4
-19.6788 -1.14905 -236.919 -31864 4
-18.5121 -4.18254 -236.919 -29748 4
-6.00687 -2.5668 -238.081 -27862 4
-28.3709 -14.4303 -236.919 -27244 4
-8.457 -4.31689 -238.081 -27231 4
-5.13183 -2.62513 -238.081 -27223 4
-12.735 -6.88369 -238.081 -27019 4
-12.8322 -7.0198 -238.081 -26974 4
-22.7512 -15.4998 -236.919 -26128 4
-15.0296 -10.8117 -238.081 -25913 4
-21.7117 -17.7413 -236.919 -25400 4
-7.3875 -17.0925 -238.081 -21328 4
-8.54715 -21.7665 -236.919 -21003 4
-5.88313 -21.5915 -236.919 -19892 4
-5.59145 -26.239 -236.919 -19262 4
-5.04697 -29.8169 -236.919 -18755 4
-0.620485 -21.6039 -238.081 -16841 4
3.23678 -42.7676 -236.919 -15231 4
4.64923 -22.7901 -238.081 -13607 4
3.21027 -13.9618 -238.081 -13321 4
17.5203 -19.5603 -225.581 -8642 5
9.17825 -8.8848 -224.419 -8058 5
4.39467 -4.02344 -224.419 -7830 5
15.5175 -13.7462 -225.581 -7696 5
14.2146 -11.8211 -224.419 -7438 5
10.695 -6.66802 -224.419 -6292 5
14.2341 -6.78469 -224.419 -5288 5
19.1538 -7.85419 -225.581 -4764 5
19.0176 -7.79585 -224.419 -4763 5
14.1563 -5.77353 -224.419 -4746 5
8.49766 -1.98167 -224.419 -3098 5
14.623 3.4825 -224.419 3151 5
7.54306 2.31401 -225.581 3846 5
30.7432 14.2747 -224.419 5195 5
22.4984 12.1357 -224.419 5740 5
13.2017 8.75045 -225.581 6530 5
13.6684 10.5394 -225.581 7133 5
16.9476 15.2328 -224.419 7755 5
15.003 14.455 -224.419 8039 5
17.9393 20.3276 -224.419 8703 5
5.8902 15.2841 -225.581 11826 5
5.81242 15.3619 -225.581 11886 5
4.26916 32.1115 -224.419 14461 5
1.45664 11.0061 -225.581 14469 5
1.00939 11.4145 -225.581 15052 5
1.34586 44.3038 -224.419 15900 5
-2.83275 47.0564 -224.419 17314 5
-1.49907 18.3176 -225.581 17623 5
-0.89449 7.52362 -236.919 18124 4
-15.4591 10.6154 -236.919 26097 4
-29.4598 15.7879 -238.081 27051 4
-29.5182 15.5351 -238.081 27118 4
-6.96147 3.63453 -236.919 27148 4
-13.6507 7.05693 -236.919 27184 4
-11.9784 4.71051 -236.919 28143 4
-23.9762 6.02632 -238.081 29477 4

57 -212.5 -200
-14.4285 -0.837921 -211.919 -31868 6
-17.7731 -1.18794 -211.919 -31741 6
-16.0814 -3.65751 -211.919 -29732 6
-22.8678 -11.5199 -211.919 -27279 6
-7.71807 -3.88908 -213.081 -27278 6
-9.87003 -5.31509 -213.081 -27033 6
-17.5309 -11.9271 -211.919 -26134 6
-13.3767 -9.62549 -213.081 -25911 6
-19.3199 -15.8162 -211.919 -25392 6
-6.57079 -15.2258 -213.081 -21323 6
-6.70691 -17.0342 -213.081 -21012 6
-5.38462 -19.7566 -213.081 -19893 6
-5.02753 -23.8861 -211.919 -19232 6
-4.48306 -26.5695 -211.919 -18749 6
-0.581595 -19.6593 -213.081 -16854 6
2.90621 -38.0812 -211.919 -15222 6
4.18254 -20.301 -213.081 -13585 6
2.89914 -12.484 -213.081 -13296 6
13.2035 -14.4656 -200.581 -8565 7
19.5427 -19.0159 -200.581 -8080 7
6.8059 -6.59023 -199.419 -8060 7
14.0202 -12.4044 -199.419 -7691 7
12.5812 -10.4599 -199.419 -7437 7
4.84191 -3.77065 -199.419 -7173 7
9.17825 -5.69574 -199.419 -6273 7
12.9312 -6.1041 -199.419 -5253 7
16.3342 -6.70691 -199.419 -4769 7
12.1728 -4.95682 -199.419 -4741 7
6.30032 -1.4696 -199.419 -3098 7
42.1772 -3.18728 -200.581 -1151 7
13.2812 3.22971 -199.419 3204 7
6.66802 2.06121 -200.581 3868 7
27.1653 12.6802 -199.419 5213 7
14.4267 7.83651 -200.581 5767 7
16.5481 9.14112 -199.419 5830 7
11.9766 7.9143 -200.581 6518 7
24.0063 18.4025 -199.419 7109 7
10.2265 7.8754 -200.581 7128 7
12.9878 11.6478 -200.581 7746 7
12.56 12.2312 -200.581 8083 7
12.4849 22.0485 -199.419 10460 7
13.5057 30.692 -199.419 11377 7
5.19016 13.534 -200.581 11842 7
1.33997 9.95606 -200.581 14440 7
3.21262 24.2361 -199.419 14466 7
0.873276 9.87828 -200.581 15053 7
0.905096 32.9865 -199.419 15946 7
-1.09071 13.6313 -200.581 17597 7
-0.777818 6.55134 -211.919 18122 6
-10.7816 37.7896 -199.419 20020 7
-11.9201 8.20421 -211.919 26088 6
-25.7069 13.5128 -213.081 27123 6
-11.8358 6.12354 -211.919 27181 6
-6.22254 3.20673 -211.919 27196 6
-10.9283 4.30864 -211.919 28135 6
-27.1069 9.52001 -213.081 28509 6
-20.7094 5.2485 -211.919 29455 6

49 -137.5 -125
-9.04213 -0.507349 -136.919 -31897 8
-12.1728 -1.18794 -136.919 -31311 8
-8.92369 -2.06121 -138.081 -29693 8
-6.62913 -2.48902 -138.081 -28295 8
-5.44296 -2.74181 -138.081 -27279 8
-8.457 -6.10587 -138.081 -25898 8
-12.2294 -10.0598 -138.081 -25373 8
-16.9476 -25.8889 -136.919 -22866 8
-2.77893 -4.55023 -138.081 -22596 8
-4.14011 -9.60604 -138.081 -21318 8
-3.79009 -13.9618 -138.081 -19882 8
-3.36229 -16.9564 -138.081 -19095 8
-2.85671 -16.8397 -138.081 -18760 8
-0.426031 -13.8646 -138.081 -16872 8
1.92687 -24.1901 -138.081 -15175 8
2.66579 -12.7951 -138.081 -13559 8
1.67231 -7.29027 -124.419 -13326 9
2.77621 -8.49589 -124.419 -12348 9
9.35502 -23.2179 -138.081 -11678 8
9.19946 -20.0936 -138.081 -11238 8
17.0165 -25.9791 -138.081 -9899 8
9.64494 -8.57367 -124.419 -7710 9
7.6615 -6.35689 -124.419 -7429 9
15.1119 -12.1294 -125.581 -7295 9
4.68635 -2.91505 -124.419 -6283 9
8.92546 -4.12066 -124.419 -5174 9
8.40043 -3.44007 -124.419 -4760 9
6.24199 -2.52614 -124.419 -4720 9
26.7569 -10.4793 -125.581 -4610 9
29.1876 -2.2539 -125.581 -1174 9
9.2737 2.41124 -125.581 3380 9
11.0839 3.44361 -124.419 3883 9
16.4119 7.68272 -124.419 5224 9
8.30143 5.40583 -125.581 6461 9
12.5211 9.5866 -125.581 7104 9
4.89848 5.26971 -125.581 8491 9
4.79827 9.80648 -125.581 11001 9
9.30552 21.1248 -124.419 11373 9
5.00809 30.3225 -124.419 14061 9
0.931613 6.90313 -125.581 14435 9
-10.781 33.3295 -125.581 20388 9
-2.62513 5.94853 -136.919 21400 8
-5.85308 4.47068 -136.919 25672 8
-14.0396 7.44584 -136.919 27090 8
-6.47533 3.38174 -136.919 27147 8
-7.71984 3.03172 -136.919 28148 8
-19.3417 7.32916 -136.919 28265 8
-6.06698 2.11778 -136.919 28528 8
-11.3756 2.91505 -136.919 29425 8

85 -62.5 -50
-27.5347 -1.66759 -61.919 -31832 10
-7.01804 -0.544472 -63.081 -31588 10
-6.90136 -2.139 -63.081 -28891 10
-35.5851 -12.2718 -61.919 -28566 10
-27.4181 -11.144 -61.919 -28033 10
-32.8239 -13.5163 -61.919 -27989 10
-13.1239 -8.07634 -63.081 -26526 10
-7.25138 -5.05581 -63.081 -26037 10
-5.0346 -4.21318 -63.081 -25303 10
-22.0423 -21.3387 -61.919 -24708 10
-6.06521 -8.92546 -63.081 -23012 10
-9.97374 -15.1674 -63.081 -22883 10
-11.114 -20.7554 -61.919 -22097 10
-2.74004 -5.60028 -63.081 -21766 10
-3.07061 -10.4811 -63.081 -20096 10
-3.07061 -11.1811 -63.081 -19914 10
-2.21501 -8.14764 -63.081 -19886 10
-5.93498 -31.7031 -61.919 -18967 10
-1.85851 -9.95606 -63.081 -18961 10
-1.16496 -6.98091 -63.081 -18727 10
-0.601041 -11.6673 -63.081 -17186 10
-0.251021 -8.0893 -63.081 -16877 10
-0.730677 -24.1512 -63.081 -16865 10
1.44132 -34.7755 -61.919 -15731 10
0.915703 -10.0338 -63.081 -15013 10
0.719481 -7.46528 -49.419 -14943 11
2.68524 -21.7594 -63.081 -14584 10
5.86388 -12.9683 -49.419 -11282 11
8.63377 -13.2406 -49.419 -9917 11
11.1422 -15.1268 -49.419 -9434 11
5.3086 -4.70403 -49.419 -7697 11
9.50882 -5.48184 -49.419 -5991 11
14.0979 -8.12642 -49.419 -5990 11
9.41159 -4.84015 -49.419 -5564 11
20.5538 -9.83762 -50.581 -5303 11
9.91717 -4.179 -49.419 -4857 11
14.5257 -5.6763 -49.419 -4603 11
15.8091 -5.05405 -49.419 -3968 11
11.1033 -3.34285 -49.419 -3791 11
35.9546 -9.99319 -50.581 -3563 11
13.4174 -3.28451 -49.419 -3222 11
16.0619 -1.30108 -49.419 -1227 11
27.6125 4.83072 -49.419 2439 11
5.61797 1.78898 -50.581 3957 11
5.85131 2.72236 -50.581 5202 11
9.0987 4.33633 -50.581 5288 11
26.0763 14.7803 -49.419 5927 11
4.58736 2.93626 -50.581 6394 11
6.20133 4.278 -50.581 6688 11
10.771 8.88656 -50.581 7406 11
3.47897 3.92798 -50.581 8688 11
4.45124 7.15592 -50.581 10100 11
5.20961 11.7256 -50.581 11343 11
7.43287 17.5009 -50.581 11499 11
4.29567 10.5005 -50.581 11627 11
10.2778 27.9502 -49.419 11979 11
4.892 14.9341 -50.581 12341 11
2.87616 10.52 -50.581 12866 11
3.92621 17.7537 -50.581 13416 11
2.70115 16.762 -50.581 14110 11
-4.63037 39.5202 -49.419 18102 11
-10.5801 34.9046 -50.581 20195 11
-3.70288 11.5506 -50.581 20361 11
-11.2558 21.5407 -50.581 22007 11
-5.77529 8.04864 -61.919 23228 10
-3.90853 5.05405 -61.919 23528 10
-3.40295 4.08177 -61.919 23833 10
-11.1811 11.2766 -61.919 24541 10
-15.1286 14.5629 -63.081 24732 10
-9.08102 8.32088 -61.919 24933 10
-24.4235 21.5632 -63.081 25085 10
-16.9759 13.8823 -63.081 25397 10
-16.4119 13.085 -63.081 25499 10
-8.57544 6.57079 -61.919 25660 10
-7.42816 4.64569 -61.919 26463 10
-23.5484 14.6212 -63.081 26491 10
-11.4728 6.79765 -61.919 26672 10
-17.0536 10.071 -63.081 26684 10
-22.1484 8.78757 -63.081 28114 10
-23.8984 8.74868 -63.081 28377 10
-7.99207 2.33168 -61.919 29067 10
-7.03925 2.00111 -61.919 29141 10
-7.70039 1.7548 -61.919 29727 10
-18.0454 4.0364 -61.919 29773 10
-13.0479 2.60392 -61.919 30042 10

75 -37.5 -25
-38.3853 -2.45837 -38.081 -31781 12
-9.62372 -2.99459 -38.081 -28879 12
-6.318 -2.17789 -38.081 -28568 12
-22.1484 -12.9524 -36.919 -26722 12
-10.071 -7.0198 -38.081 -26038 12
-6.75876 -8.24487 -38.081 -23764 12
-8.39866 -12.4256 -38.081 -22991 12
-7.62084 -11.57 -38.081 -22890 12
-2.70115 -4.90025 -38.081 -22206 12
-15.3919 -28.6891 -36.919 -22104 12
-3.79009 -7.81706 -38.081 -21733 12
-4.24382 -14.5452 -38.081 -20084 12
-1.68998 -6.18365 -38.081 -19900 12
-1.41775 -7.62261 -38.081 -18953 12
-1.10662 -6.53366 -38.081 -18757 12
-1.07362 -34.7755 -36.919 -16874 12
-0.0760126 -7.83651 -38.081 -16541 12
3.93034 -31.2753 -36.919 -14554 12
3.88437 -30.8405 -38.081 -14551 12
7.05074 -24.1804 -38.081 -12685 12
6.26143 -9.62372 -24.419 -9925 13
14.5063 -19.7353 -25.581 -9443 13
3.8502 -3.40118 -24.419 -7684 13
12.5229 -7.25138 -24.419 -6008 13
18.3759 -10.6154 -25.581 -5999 13
12.3867 -6.37634 -24.419 -5567 13
27.2819 -13.0656 -25.581 -5305 13
13.3007 -5.61796 -24.419 -4865 13
10.52 -4.15956 -24.419 -4642 13
6.41699 -2.05297 -24.419 -3971 13
14.6619 -4.41235 -24.419 -3790 13
7.09758 -1.78721 -24.419 -3295 13
11.6478 -0.931614 -24.419 -1213 13
35.9546 6.22431 -25.581 2417 13
7.42639 2.39179 -25.581 3991 13
12.035 5.71696 -25.581 5276 13
34.4573 18.0536 -24.419 5632 13
8.18476 5.60028 -25.581 6656 13
7.30583 5.37472 -25.581 6944 13
14.2712 11.7645 -25.581 7403 13
4.35401 4.53079 -25.581 8354 13
4.56791 5.17249 -25.581 8700 13
3.47897 4.47245 -25.581 9215 13
5.90964 9.46993 -25.581 10088 13
2.66226 5.87252 -25.581 11273 13
3.80954 8.53655 -25.581 11328 13
9.94723 23.3999 -24.419 11496 13
5.71519 13.8646 -25.581 11601 13
6.62913 19.9899 -25.581 12303 13
3.80954 13.9035 -25.581 12860 13
1.67054 7.56427 -25.581 13420 13
1.92333 12.2506 -25.581 14160 13
2.21766 36.3506 -24.419 15441 13
-3.35287 29.3237 -25.581 18065 13
-2.39827 7.67918 -36.919 20283 12
-14.9423 28.5459 -25.581 22013 13
-14.0317 22.6637 -25.581 22648 13
-4.55023 6.43467 -36.919 23170 12
-7.99207 11.0821 -36.919 23248 12
-5.38639 6.9597 -36.919 23532 12
-20.9816 20.1437 -38.081 24742 12
-12.9701 11.8211 -36.919 24955 12
-23.5873 19.2492 -38.081 25405 12
-24.8318 19.6641 -38.081 25527 12
-11.9395 7.41991 -36.919 26488 12
-23.6651 13.9601 -38.081 26689 12
-15.848 9.33204 -36.919 26695 12
-30.7627 12.1387 -38.081 28132 12
-11.0256 3.18728 -36.919 29093 12
-9.76161 2.70115 -36.919 29216 12
-10.6367 2.40947 -36.919 29742 12
-24.6374 5.52074 -38.081 29768 12
-6.47533 1.28163 -36.919 30060 12
-10.6755 1.43719 -36.919 30824 12
-34.924 3.80306 -38.081 31159 12

70 -12.5 0
-49.7025 -3.24916 -13.081 -31762 14
-12.4256 -3.92974 -11.919 -28831 14
-8.08753 -2.7807 -13.081 -28576 14
-35.0718 -13.0263 -11.919 -28330 14
-5.48185 -2.80403 -13.081 -27223 14
-30.7043 -17.5416 -11.919 -26811 14
-4.72347 -2.83903 -13.081 -26617 14
-10.0904 -8.78934 -13.081 -25140 14
-10.7516 -15.9064 -13.081 -22991 14
-5.26794 -7.97263 -13.081 -22902 14
-12.7279 -23.3999 -11.919 -22156 14
-4.85959 -10.0144 -13.081 -21736 14
-5.42351 -18.6287 -13.081 -20078 14
-1.43719 -8.34209 -13.081 -18791 14
-2.4678 -14.8369 -13.081 -18720 14
-0.309359 -9.46993 -13.081 -16902 14
-1.38475 -44.8871 -11.919 -16874 14
0.954596 -9.00972 -13.081 -14814 14
5.07113 -40.3758 -11.919 -14555 14
3.90853 -6.02632 0.581 -9938 15
7.11703 -10.0386 0.581 -9587 15
18.0454 -24.5189 -0.581 -9437 15
15.5369 -8.98202 0.581 -6001 15
22.8678 -13.2017 -0.581 -5996 15
15.3813 -7.93197 0.581 -5574 15
16.6842 -7.05692 0.581 -4870 15
6.53367 -2.6104 0.581 -4677 15
7.09758 -2.13723 0.581 -3791 15
18.1912 -5.47212 0.581 -3788 15
8.78934 -2.22149 0.581 -3305 15
7.27259 -0.60104 0.581 -1250 15
6.88368 -0.523258 0.581 -1157 15
44.6078 7.6179 -0.581 2389 15
9.2737 2.95571 -0.581 3959 15
15.1091 7.15769 0.581 5266 15
10.1682 6.88368 -0.581 6614 15
28.1375 19.3694 0.581 6680 15
17.1031 12.4716 0.581 6909 15
17.9004 14.7856 0.581 7411 15
23.5201 22.8944 0.581 8081 15
5.42351 5.63918 -0.581 8351 15
5.69574 6.45589 -0.581 8704 15
4.33456 5.56139 -0.581 9207 15
7.3162 11.7839 -0.581 10108 15
3.30396 7.29203 -0.581 11275 15
2.37058 5.38638 -0.581 11376 15
12.339 29.0586 0.581 11500 15
7.09582 17.2675 -0.581 11612 15
8.43048 25.3056 0.581 12289 15
4.70403 17.287 -0.581 12879 15
1.20385 7.71984 -0.581 14173 15
2.83019 41.4842 0.581 15337 15
0.743641 13.1192 -0.581 15505 15
-2.0565 18.5121 -0.581 18022 15
-5.42528 9.44871 -11.919 22360 14
-17.1073 27.8848 -0.581 22613 15
-17.5027 28.1764 -0.581 22661 15
-10.2089 14.1156 -11.919 23260 14
-6.90313 8.86535 -11.919 23556 14
-18.2009 19.152 -13.081 24367 14
-8.76989 8.00975 -11.919 24947 14
-16.6647 15.1268 -13.081 24972 14
-20.0677 11.8405 -13.081 26688 14
-11.2395 5.605 -11.919 27316 14
-14.0591 4.04288 -11.919 29108 14
-12.4451 3.44007 -11.919 29219 14
-13.5729 3.09006 -11.919 29729 14
-31.5794 6.99211 -13.081 29797 14
-8.28376 1.6122 -11.919 30098 14
-23.5679 2.55855 -11.919 31163 14

74 12.5 25
-14.8174 -1.01682 13.081 -31715 16
-8.10698 -1.84084 11.919 -29736 16
-15.1285 -4.84368 13.081 -28794 16
-9.83762 -3.40295 11.919 -28557 16
-5.77353 -3.50018 11.919 -26584 16
-10.0904 -10.5394 11.919 -24397 16
-3.63453 -4.00576 11.919 -24177 16
-13.2141 -19.5497 13.081 -22991 16
-2.91505 -4.37522 11.919 -22935 16
-5.92909 -12.2117 11.919 -21738 16
-2.91505 -8.53655 11.919 -20554 16
-6.71928 -22.8944 13.081 -20101 16
-1.72888 -10.1894 11.919 -18760 16
-4.23027 -26.8223 13.081 -18615 16
-0.601041 -11.1617 11.919 -17221 16
2.39827 -7.29027 25.581 -12328 17
4.05761 -5.81242 25.581 -9648 17
4.29744 -5.94854 25.581 -9512 17
8.96435 -10.1488 25.581 -8699 17
10.9478 -9.72095 25.581 -7705 17
17.8898 -11.8664 24.419 -6533 17
6.98091 -4.58735 25.581 -6497 17
18.4343 -10.6738 24.419 -6007 17
27.3597 -15.7879 24.419 -5994 17
18.2593 -9.37093 24.419 -5556 17
19.9121 -8.41811 24.419 -4868 17
21.5261 -6.5319 24.419 -3814 17
11.0256 -3.30396 25.581 -3777 17
10.5005 -2.66226 25.581 -3313 17
8.20597 -0.60104 25.581 -1118 17
14.4091 0.157331 25.581 176 17
14.3313 0.274004 25.581 307 17
46.2024 2.41948 24.419 815 17
11.1811 3.57973 25.581 3973 17
18.0454 8.53831 25.581 5262 17
12.1322 8.14764 24.419 6582 17
12.035 8.28376 24.419 6679 17
26.5236 19.1944 25.581 6878 17
21.3228 17.7413 25.581 7440 17
10.0515 9.8005 24.419 8088 17
9.68206 9.50882 24.419 8118 17
6.47356 6.76701 24.419 8373 17
6.78469 7.70039 24.419 8709 17
5.19016 6.65034 24.419 9202 17
8.74868 14.0979 24.419 10110 17
3.92621 8.731 24.419 11301 17
6.34393 14.3118 24.419 11352 17
8.52771 20.8137 25.581 11622 17
3.55675 10.0727 24.419 12108 17
10.1093 30.3808 25.581 12293 17
5.59852 20.7094 24.419 12897 17
1.55386 7.25315 24.419 13493 17
2.14371 17.2675 24.419 14574 17
0.270468 16.8981 24.419 16125 17
-3.21026 12.7562 24.419 19678 17
-2.15844 8.55422 13.081 19685 16
-8.44109 21.9539 24.419 20934 17
-6.592 11.9377 13.081 22212 16
-20.05 32.9017 24.419 22587 17
-12.309 17.0324 11.919 23257 16
-8.36154 10.7904 13.081 23537 16
-5.23082 5.48185 13.081 24384 16
-9.68383 10.0904 13.081 24407 16
-14.6035 13.9212 11.919 24771 16
-20.5149 18.6658 11.919 24962 16
-4.62801 3.76416 13.081 25419 16
-24.4429 14.4656 11.919 26676 16
-19.251 9.5978 11.919 27317 16
-5.02989 2.35113 13.081 27549 16
-17.0731 4.87904 13.081 29126 16
-15.1674 4.14011 13.081 29254 16
-16.4995 3.78037 13.081 29713 16
-10.0727 1.94926 13.081 30111 16
-12.7173 1.35293 13.081 31192 16

78 37.5 50
-30.1404 -2.08243 36.919 -31709 18
-17.7926 -4.08531 38.081 -29708 18
-17.812 -5.73817 38.081 -28775 18
-11.7062 -4.06586 38.081 -28544 18
-6.80413 -4.14188 36.919 -26568 18
-4.31512 -4.76413 36.919 -24170 18
-3.77065 -4.49189 36.919 -23860 18
-10.0515 -12.2895 36.919 -23755 18
-7.73363 -9.89384 36.919 -23572 18
-15.5475 -23.011 38.081 -22990 18
-3.55675 -5.56139 36.919 -22774 18
-6.97914 -14.4285 36.919 -21725 18
-2.2539 -5.3086 36.919 -21267 18
-6.318 -18.2787 36.919 -20592 18
-2.09834 -6.82535 36.919 -20236 18
-7.98324 -26.9584 38.081 -20127 18
-2.33168 -9.74216 36.919 -19548 18
-2.07889 -12.0173 36.919 -18800 18
-5.93498 -38.3146 38.081 -18581 18
-0.892723 -12.8923 36.919 -17445 18
-0.588076 -13.8452 36.919 -17051 18
12.4857 -28.1764 36.919 -11353 18
7.8754 -11.2377 50.581 -9633 19
5.83363 -8.0292 50.581 -9489 19
3.50018 -4.37346 50.581 -9100 19
15.4202 -17.538 49.419 -8718 19
20.6899 -18.3742 49.419 -7706 19
11.9006 -7.82178 50.581 -6497 19
21.4483 -12.4433 49.419 -6015 19
21.2539 -10.9266 49.419 -5563 19
29.1293 -13.7721 49.419 -5259 19
8.32265 -3.62675 50.581 -4972 19
23.2956 -9.85707 49.419 -4871 19
25.0652 -7.58195 49.419 -3805 19
14.973 -4.41235 50.581 -3729 19
12.1728 -3.11598 50.581 -3339 19
9.54771 -0.73716 50.581 -1174 19
16.8009 0.137886 50.581 133 19
16.5286 0.79903 50.581 755 19
13.009 4.1242 50.581 3943 19
13.2812 5.38815 50.581 4728 19
5.20961 2.43068 49.419 5212 19
20.9622 9.89949 50.581 5255 19
14.1351 9.3727 49.419 6532 19
24.7063 20.6581 50.581 7460 19
17.0448 16.769 50.581 8125 19
7.50417 7.8754 49.419 8389 19
7.87363 8.9449 49.419 8713 19
6.04576 7.73928 49.419 9198 19
10.1876 16.3925 49.419 10104 19
4.58735 10.1311 49.419 11277 19
11.0135 25.2764 50.581 11411 19
9.89861 24.2264 50.581 11631 19
6.06521 17.3259 49.419 12135 19
6.54427 24.275 50.581 12904 19
2.13723 9.85884 49.419 13465 19
1.70943 8.49765 49.419 13640 19
3.80895 30.3031 50.581 14554 19
-5.56316 21.9928 49.419 19691 19
-14.6247 37.938 49.419 20942 19
-7.37159 16.1008 49.419 21529 19
-14.4869 20.1048 36.919 23245 18
-9.87828 12.6961 38.081 23553 18
-10.9089 11.3933 38.081 24398 18
-20.8066 20.3576 36.919 24665 18
-24.3457 22.1466 36.919 24963 18
-9.66438 7.8153 38.081 25442 18
-4.31689 2.93449 38.081 26137 18
-28.8765 17.0713 36.919 26680 18
-5.11415 2.99283 38.081 26719 18
-27.6514 13.7721 36.919 27320 18
-5.91141 2.74004 38.081 27578 18
-5.83363 2.11778 38.081 28404 18
-20.126 5.71519 38.081 29144 18
-17.8509 4.80126 38.081 29295 18
-19.4454 4.47717 38.081 29701 18
-11.8617 2.31224 38.081 30095 18
-6.74757 0.503813 38.081 31629 18

92 62.5 75
-16.3828 -0.186501 63.081 -32583 20
-46.2607 -3.19082 61.919 -31710 20
-7.64029 -0.622257 61.919 -31534 20
-27.068 -6.25672 63.081 -29691 20
-7.93197 -1.84732 61.919 -29673 20
-20.476 -6.65211 63.081 -28750 20
-13.4951 -4.68812 63.081 -28543 20
-5.81242 -2.60569 61.919 -27696 20
-7.05692 -3.46128 61.919 -27376 20
-7.83474 -4.78358 61.919 -26556 20
-6.06521 -4.49189 61.919 -25796 20
-4.95682 -5.56139 61.919 -24105 20
-4.33456 -5.17249 61.919 -23853 20
-10.0321 -14.0202 61.919 -23217 20
-8.06809 -11.4728 61.919 -23148 20
-17.881 -26.5112 63.081 -22983 20
-5.48185 -8.57544 61.919 -22773 20
-8.11475 -15.5952 61.919 -21991 20
-8.04864 -16.6647 61.919 -21719 20
-2.60392 -6.12531 61.919 -21271 20
-9.96667 -28.4752 63.081 -20631 20
-2.04 -5.91142 61.919 -20587 20
-3.45952 -11.2978 61.919 -20224 20
-6.53131 -21.3582 63.081 -20220 20
-9.24719 -31.0225 63.081 -20146 20
-2.40947 -13.8646 61.919 -18809 20
-1.26219 -14.623 61.919 -17685 20
-1.31623 -27.5807 63.081 -17130 20
-0.88624 -22.9845 61.919 -16992 20
1.63342 -6.00687 75.581 -12881 21
5.01869 -15.3813 61.919 -12353 20
9.15232 -14.174 75.581 -9955 21
11.4728 -16.3907 74.419 -9637 21
3.73352 -5.22906 75.581 -9558 21
7.33093 -10.1488 75.581 -9512 21
3.96687 -4.99571 75.581 -9132 21
16.587 -10.9266 74.419 -6506 21
24.4624 -14.2128 74.419 -6020 21
5.07526 -2.79837 75.581 -5823 21
24.2679 -12.4628 74.419 -5559 21
32.2891 -14.0476 74.419 -4967 21
26.6791 -11.296 74.419 -4873 21
5.75585 -2.19557 75.581 -4523 21
6.00864 -1.98167 75.581 -4063 21
28.5653 -8.6709 74.419 -3815 21
18.9399 -5.50129 75.581 -3687 21
13.8063 -3.55675 75.581 -3356 21
6.06698 -1.33997 75.581 -2963 21
10.8894 -0.873276 75.581 -1216 21
7.89485 -0.0565681 75.581 -116 21
19.2121 0.0601044 75.581 51 21
18.6482 1.24627 75.581 1026 21
14.6619 3.02877 75.581 2805 21
5.83186 1.45841 74.419 3277 21
14.8174 4.68812 75.581 3937 21
7.36805 3.46129 74.419 5236 21
23.879 11.2607 75.581 5250 21
16.1574 10.5654 74.419 6477 21
7.61112 5.04609 74.419 6531 21
5.42351 4.70579 74.419 7611 21
4.04288 3.94743 74.419 8094 21
8.53478 8.98379 74.419 8401 21
9.02091 10.2089 74.419 8698 21
6.90136 8.82823 74.419 9195 21
11.6973 18.8108 75.581 10102 21
5.22906 11.5895 74.419 11290 21
11.3279 27.5807 75.581 11613 21
8.70272 24.9556 75.581 12147 21
7.45821 27.6779 75.581 12906 21
1.63165 6.63089 74.419 13148 21
2.75948 12.4645 74.419 13414 21
2.4678 12.2506 74.419 13636 21
0.426031 7.83651 74.419 15539 21
-4.16309 20.3983 74.419 19161 21
-7.93551 31.2488 74.419 19702 21
-8.6161 18.6676 74.419 21558 21
-9.12168 18.6287 74.419 21769 21
-16.6453 23.1966 61.919 23228 20
-11.3756 14.6212 63.081 23553 20
-16.3536 17.0713 61.919 24400 20
-6.08642 5.05405 63.081 25335 20
-14.7202 11.8599 63.081 25457 20
-7.79762 4.54846 63.081 26731 20
-6.8059 3.16784 63.081 27564 20
-6.74757 2.44836 63.081 28405 20
-5.48361 1.76777 63.081 28773 20
-23.004 6.5319 61.919 29144 20
-20.5538 5.48185 63.081 29318 20
-6.417 1.6122 63.081 29478 20
-22.2456 5.15127 61.919 29687 20
-13.6701 2.64281 63.081 30113 20
-8.75045 0.60104 63.081 31714 20

106 87.5 100
-34.7684 -0.231224 86.919 -32659 22
-8.67266 -0.721249 88.081 -31510 22
-35.9935 -8.36331 86.919 -29678 22
-18.4148 -4.31865 88.081 -29655 22
-23.1401 -7.56604 88.081 -28730 22
-15.2452 -5.32333 88.081 -28527 22
-9.50705 -4.6669 86.919 -27373 22
-8.86535 -5.42528 86.919 -26547 22
-12.2877 -9.78105 86.919 -25506 22
-5.65685 -6.33921 86.919 -24110 22
-4.91793 -5.87252 86.919 -23851 22
-18.896 -26.5306 88.081 -23199 22
-7.40694 -11.5506 86.919 -22785 22
-9.95429 -15.7703 86.919 -22723 22
-3.73176 -5.96975 86.919 -22686 22
-9.18885 -18.9858 88.081 -21727 22
-2.93449 -6.96146 86.919 -21242 22
-2.62337 -6.65034 86.919 -21018 22
-2.19557 -6.22254 86.919 -20657 22
-2.74004 -7.77817 86.919 -20652 22
-2.6817 -8.10875 86.919 -20455 22
-10.6667 -32.5198 88.081 -20430 22
-4.80125 -15.7508 86.919 -20211 22
-10.4917 -35.0672 88.081 -20157 22
-2.1826 -8.82823 86.919 -19631 22
-2.48725 -11.0645 86.919 -19391 22
-2.76921 -15.6827 86.919 -18842 22
-1.63165 -16.4314 86.919 -17863 22
-1.24215 -32.4809 88.081 -16987 22
0.274005 -8.14764 86.919 -15850 22
1.0421 -11.677 86.919 -15041 22
6.80767 -20.9427 86.919 -12364 22
12.6219 -28.157 86.919 -11312 22
15.2647 -21.816 99.419 -9639 23
4.82247 -6.78469 100.581 -9576 23
8.84767 -12.2489 100.581 -9512 23
4.453 -5.59852 100.581 -9125 23
4.39467 -3.40118 100.581 -7148 23
21.4678 -14.174 99.419 -6515 23
6.70868 -4.00399 100.581 -6123 23
27.4764 -15.9824 99.419 -6025 23
5.71696 -3.16784 100.581 -5841 23
27.2625 -14.0573 99.419 -5573 23
30.0432 -12.7544 99.419 -4882 23
7.36982 -2.87616 100.581 -4599 23
6.76701 -2.19557 100.581 -4013 23
32.1044 -9.72095 99.419 -3807 23
22.6734 -6.59023 99.419 -3689 23
15.4397 -4.02344 100.581 -3386 23
6.84479 -1.49553 100.581 -2937 23
12.2117 -0.951059 100.581 -1183 23
8.86712 -0.095459 100.581 -174 23
21.6428 0.040659 100.581 30 23
8.84767 0.0795498 100.581 145 23
20.5927 1.79075 100.581 1310 23
25.6874 5.29093 100.581 2798 23
10.7922 2.68524 100.581 3264 23
16.6453 5.27148 100.581 3940 23
8.84591 3.17609 99.419 4328 23
9.54594 4.47245 99.419 5227 23
26.7958 12.6219 100.581 5246 23
5.4624 2.80014 99.419 5552 23
7.23194 4.64746 99.419 6409 23
9.89596 6.42996 99.419 6452 23
9.81818 6.68923 99.419 6639 23
7.01803 6.0929 99.419 7613 23
4.14011 3.88909 99.419 7935 23
5.22905 5.13359 99.419 8116 23
9.54594 10.1505 99.419 8443 23
10.1293 11.4339 99.419 8687 23
7.75696 9.91717 99.419 9193 23
13.1168 21.1248 100.581 10107 23
5.8902 13.0284 99.419 11282 23
12.689 30.9642 100.581 11621 23
11.1528 32.2282 100.581 12171 23
8.3527 31.0614 100.581 12911 23
2.15667 8.82823 99.419 13167 23
3.36229 15.0119 99.419 13385 23
1.72888 7.77817 99.419 13404 23
3.25534 15.9744 99.419 13610 23
0.951058 6.92257 99.419 14404 23
1.70884 27.114 100.581 15412 23
0.523259 10.1505 99.419 15580 23
-10.4705 40.9786 100.581 19718 23
-1.65286 6.1041 88.081 19875 22
-2.66402 6.68746 88.081 21051 22
-2.60569 5.50129 88.081 21650 22
-10.8523 22.4595 99.419 21721 23
-12.1552 21.1955 99.419 22355 23
-19.8944 27.8459 99.419 23211 23
-3.07238 4.25678 88.081 23252 22
-12.7951 16.4685 86.919 23547 22
-22.0706 23.0216 86.919 24403 22
-7.95318 7.19304 88.081 24987 22
-19.5427 15.749 86.919 25456 22
-4.9197 3.5373 88.081 25915 22
-10.4616 6.12354 88.081 26718 22
-7.70039 3.59564 88.081 27552 22
-7.6615 2.77893 88.081 28407 22
-6.20309 2.05945 88.081 28684 22
-26.0569 7.36805 86.919 29156 22
-23.1401 6.12354 86.919 29339 22
-8.63377 2.11778 88.081 29540 22
-25.2013 5.85131 86.919 29680 22
-15.4786 2.97338 88.081 30127 22
-10.7728 0.756603 88.081 31692 22

106 112.5 125
-9.68383 -0.79903 113.081 -31519 24
-29.8682 -5.40112 113.081 -30258 24
-25.7458 -8.48646 113.081 -28706 24
-17.0731 -5.95855 113.081 -28529 24
-10.3626 -4.35578 111.919 -27919 24
-11.9572 -5.87252 111.919 -27371 24
-9.93485 -6.02809 111.919 -26580 24
-5.8902 -4.7058 111.919 -25491 24
-18.2699 -15.2328 113.081 -25318 24
-6.33744 -7.09758 111.919 -24112 24
-5.50129 -6.57256 111.919 -23849 24
-3.26506 -4.25855 111.919 -23494 24
-9.33204 -14.5257 111.919 -22792 24
-5.79297 -9.31436 111.919 -22666 24
-9.88889 -17.5857 113.081 -22281 24
-10.2778 -21.1637 113.081 -21739 24
-3.22617 -7.05869 111.919 -21523 24
-3.28451 -7.77818 111.919 -21248 24
-4.25678 -12.0951 111.919 -20649 24
-4.19196 -12.6006 111.919 -20473 24
-6.18188 -20.2038 111.919 -20222 24
-3.42063 -13.7479 111.919 -19648 24
-3.84843 -17.2481 111.919 -19372 24
-3.07061 -17.5592 111.919 -18822 24
-2.04 -18.2009 111.919 -18035 24
-1.54679 -41.5231 113.081 -16972 24
1.63518 -18.2204 111.919 -15034 24
3.42416 -12.5423 111.919 -12870 24
8.62906 -26.4847 111.919 -12357 24
2.27512 -6.1041 125.581 -11935 25
19.1555 -29.5182 111.919 -9936 24
17.1526 -24.4818 111.919 -9634 24
5.89197 -8.32088 125.581 -9591 25
10.3644 -14.349 125.581 -9512 25
4.93914 -6.20133 125.581 -9120 25
5.36694 -4.52902 125.581 -7498 25
4.21966 -3.5373 125.581 -7471 25
26.368 -17.363 124.419 -6505 25
9.60605 -5.73464 125.581 -6124 25
4.62801 -2.62337 125.581 -5927 25
6.30032 -3.51786 125.581 -5870 25
30.2571 -15.6129 124.419 -5576 25
9.00324 -3.5373 125.581 -4621 25
7.50594 -2.4678 125.581 -4053 25
35.624 -10.8034 124.419 -3812 25
26.5819 -7.65973 124.419 -3665 25
17.1412 -4.42207 125.581 -3359 25
7.58372 -1.68999 125.581 -2985 25
13.5729 -1.06773 125.581 -1194 25
9.81994 -0.114906 125.581 -189 25
24.0151 -0.0371227 125.581 -25 25
22.2456 2.23799 125.581 1497 25
19.5038 2.56857 125.581 1906 25
36.2269 7.46881 124.419 2800 25
15.498 3.89085 125.581 3287 25
18.4732 5.85484 125.581 3943 25
12.9312 4.66867 125.581 4346 25
11.7433 5.50306 124.419 5227 25
29.7126 13.983 125.581 5243 25
6.72635 3.44184 124.419 5545 25
20.3788 13.0497 125.581 6395 25
12.1711 7.8754 124.419 6436 25
12.1516 8.24487 124.419 6622 25
5.13183 3.75297 124.419 6920 25
10.2265 8.57544 124.419 7472 25
8.61256 7.50594 124.419 7629 25
4.56791 4.31689 124.419 7960 25
6.39578 6.30032 124.419 8130 25
10.5765 11.2589 124.419 8448 25
11.2377 12.6979 124.419 8691 25
8.61256 11.0061 124.419 9191 25
14.5558 23.4194 125.581 10104 25
11.6195 21.4165 125.581 10621 25
6.55134 14.4674 124.419 11277 25
9.24719 34.4449 125.581 12916 25
2.66226 11.045 124.419 13201 25
2.56503 11.1811 124.419 13326 25
3.9651 17.5981 124.419 13371 25
4.00399 19.7371 124.419 13620 25
1.16496 8.53655 124.419 14416 25
0.678822 12.484 124.419 15539 25
-2.5668 9.42927 113.081 19889 24
-2.97692 10.9283 124.419 19891 25
-3.32517 8.35977 113.081 21046 24
-2.89737 6.18188 113.081 21612 24
-13.1145 26.2513 124.419 21842 25
-15.2275 23.7234 124.419 22789 25
-21.9946 30.9571 124.419 23189 25
-3.88909 5.4624 113.081 23197 24
-14.273 18.4131 111.919 23538 24
-9.31436 11.5877 113.081 23685 24
-9.8005 9.50705 113.081 24700 24
-24.5985 19.7937 111.919 25462 24
-5.19193 3.69287 113.081 25958 24
-13.1646 7.65973 113.081 26741 24
-8.63377 3.98455 113.081 27594 24
-8.59488 3.09006 113.081 28435 24
-6.92258 2.35113 113.081 28614 24
-29.1098 8.20421 111.919 29165 24
-25.8235 6.78469 111.919 29359 24
-10.8117 2.66226 113.081 29530 24
-28.157 6.55134 111.919 29675 24
-17.2546 3.3234 113.081 30121 24
-9.1588 0.776051 113.081 31488 24
-9.08102 0.659376 113.081 31658 24
-12.7951 0.912169 113.081 31677 24

108 137.5 150
-10.7339 -0.915703 138.081 -31480 26
-7.50417 -0.79726 136.919 -31194 26
-40.7965 -6.37339 136.919 -30554 26
-28.3709 -9.56892 138.081 -28635 26
-18.8815 -6.61322 138.081 -28518 26
-6.70691 -2.72236 136.919 -28037 26
-14.5452 -7.13824 138.081 -27374 26
-10.946 -6.65034 136.919 -26575 26
-7.93197 -6.43644 136.919 -25428 26
-23.9868 -20.4053 138.081 -25236 26
-6.99859 -7.8754 136.919 -24093 26
-6.08465 -7.2337 136.919 -23869 26
-3.59564 -4.74469 136.919 -23447 26
-11.3473 -17.6441 138.081 -22796 26
-7.83474 -12.6395 136.919 -22653 26
-4.15955 -7.48649 136.919 -22235 26
-9.85 -19.3358 138.081 -21913 26
-11.3473 -23.3999 138.081 -21734 26
-3.63453 -8.59488 136.919 -21253 26
-5.79297 -16.4314 136.919 -20654 26
-5.66982 -17.112 136.919 -20461 26
-7.60729 -24.8972 138.081 -20218 26
-4.62625 -18.6871 136.919 -19635 26
-5.24143 -23.75 138.081 -19346 26
-1.33997 -7.15592 136.919 -18968 26
-3.42063 -19.426 136.919 -18837 26
-2.42891 -19.9899 136.919 -18159 26
-0.678823 -7.03925 136.919 -17825 26
2.29633 -24.7929 136.919 -14995 26
4.66867 -17.0148 136.919 -12856 26
10.4245 -32.0655 136.919 -12364 26
2.72236 -7.32916 150.581 -11946 27
2.43068 -5.44295 150.581 -11326 27
20.9251 -29.8876 136.919 -9636 26
6.98091 -9.83762 150.581 -9583 27
11.7839 -16.3907 149.419 -9531 27
5.44472 -6.86247 150.581 -9135 27
6.33921 -5.65685 150.581 -7726 27
4.64746 -3.88732 150.581 -7462 27
4.56968 -3.22618 150.581 -6780 27
4.74469 -3.05117 150.581 -6412 27
5.0947 -3.24562 150.581 -6375 27
12.484 -7.44583 150.581 -6121 27
5.46417 -3.1095 150.581 -5942 27
6.92258 -3.90676 150.581 -5910 27
11.3367 -5.83186 150.581 -5565 27
10.6172 -4.179 150.581 -4627 27
8.26431 -2.6817 150.581 -4013 27
30.5293 -8.76813 149.419 -3655 27
18.7454 -4.91793 150.581 -3405 27
8.34209 -1.86499 150.581 -2993 27
14.9146 -1.16496 150.581 -1187 27
32.8433 -1.68999 149.419 -801 27
10.7728 -0.13435 150.581 -201 27
26.4069 -0.0565681 150.581 -35 27
7.54483 0.293449 150.581 613 27
7.48472 0.311131 149.419 653 27
6.97914 0.661144 149.419 1417 27
23.7234 3.09359 150.581 1890 27
20.2816 5.09647 150.581 3290 27
20.3399 6.39932 150.581 3921 27
16.8397 6.08819 150.581 4350 27
14.0396 6.55488 150.581 5214 27
32.6294 15.3442 150.581 5240 27
7.9903 4.08354 149.419 5541 27
22.44 14.2553 150.581 6364 27
14.4267 9.35325 149.419 6444 27
14.6795 9.91717 149.419 6605 27
10.2071 8.89305 149.419 7628 27
13.26 12.5423 149.419 7964 27
5.0346 4.78358 149.419 7982 27
7.5625 7.46705 149.419 8139 27
11.5683 12.4062 149.419 8478 27
12.3461 13.9618 149.419 8695 27
9.46816 12.0951 149.419 9189 27
15.9948 25.7139 150.581 10100 27
7.19304 15.8869 149.419 11277 27
3.16784 13.2618 149.419 13224 27
3.40118 14.5841 149.419 13285 27
4.52902 20.1455 149.419 13376 27
4.83307 23.6527 150.581 13604 27
1.37886 10.1505 149.419 14424 27
0.717713 6.84479 149.419 14829 27
0.814939 14.8369 149.419 15530 27
-3.9103 14.1952 149.419 19922 27
-4.04465 10.0515 138.081 21085 26
-3.22794 6.82358 138.081 21645 26
-15.3831 30.0497 149.419 21931 27
-15.6813 23.1401 149.419 23002 27
-13.5081 19.152 136.919 23160 26
-4.72524 6.68746 138.081 23167 26
-15.7703 20.3382 136.919 23539 26
-11.4145 11.9377 138.081 24392 26
-11.5895 11.8405 138.081 24488 26
-6.31977 4.50957 138.081 25945 26
-15.8286 9.20889 138.081 26741 26
-9.52826 4.41235 138.081 27582 26
-9.48937 3.44007 138.081 28408 26
-7.6615 2.62337 138.081 28588 26
-32.1628 9.05332 136.919 29169 26
-28.5265 7.46528 136.919 29369 26
-13.009 3.22617 138.081 29512 26
-31.1127 7.25138 136.919 29671 26
-19.0565 3.67342 138.081 30120 26
-7.58372 0.834387 138.081 31144 26
-12.3867 1.04828 138.081 31489 26
-12.2506 0.88624 138.081 31662 26
-14.8174 1.06773 138.081 31666 26

109 162.5 175
-7.91429 -0.351786 163.081 -32070 28
-11.7353 -0.983763 163.081 -31500 28
-30.996 -10.6773 163.081 -28570 28
-20.6511 -7.25492 163.081 -28508 28
-7.52361 -2.99459 161.919 -28103 28
-7.34861 -3.01404 161.919 -28002 28
-17.0342 -8.30497 163.081 -27398 28
-11.9766 -7.29204 161.919 -26567 28
-10.0126 -8.12819 161.919 -25426 28
-7.67918 -8.67266 161.919 -24078 28
-6.64857 -7.91429 161.919 -23863 28
-3.94566 -5.17249 161.919 -23473 28
-5.13183 -7.95318 161.919 -22809 28
-13.2529 -20.5998 163.081 -22798 28
-9.91541 -15.9258 161.919 -22670 28
-6.35689 -11.0061 161.919 -22382 28
-12.4168 -25.6362 163.081 -21730 28
-9.83055 -21.1054 163.081 -21590 28
-3.98455 -9.41159 161.919 -21257 28
-7.39987 -20.9822 163.081 -20655 28
-7.22486 -21.8443 163.081 -20456 28
-8.93606 -29.3891 163.081 -20204 28
-5.88313 -23.8472 163.081 -19626 28
-6.59613 -29.953 163.081 -19340 28
-1.68998 -9.06157 161.919 -18959 28
-3.76416 -21.2733 161.919 -18847 28
-2.93449 -21.5067 161.919 -18351 28
-0.756605 -7.73928 161.919 -17843 28
2.96454 -31.6448 163.081 -14980 28
5.88077 -21.5067 161.919 -12865 28
12.207 -37.6075 161.919 -12369 28
3.18905 -8.49589 175.581 -11912 29
2.80014 -6.318 175.581 -11352 29
8.06986 -11.3544 175.581 -9577 29
13.3007 -18.5297 174.419 -9537 29
5.9503 -7.44584 175.581 -9106 29
7.33093 -6.84303 175.581 -7910 29
5.05581 -4.21789 175.581 -7451 29
17.987 -13.8045 174.419 -7114 29
5.30212 -3.71231 175.581 -6747 29
5.83363 -3.7512 175.581 -6412 29
5.15304 -3.30396 175.581 -6400 29
15.3619 -9.15703 175.581 -6118 29
6.30032 -3.59564 175.581 -5953 29
7.50594 -4.25678 175.581 -5929 29
12.2895 -4.84015 175.581 -4629 29
8.98379 -2.93449 175.581 -4034 29
34.5157 -9.91541 174.419 -3656 29
20.4177 -5.34573 175.581 -3399 29
9.10046 -2.04 175.581 -3000 29
16.2369 -1.28163 175.581 -1198 29
44.1411 -1.0418 174.419 -377 29
11.745 -0.173241 175.581 -238 29
28.6626 -0.134351 174.419 -76 29
8.63377 0.215668 175.581 399 29
24.9679 4.26032 175.581 2388 29
6.70691 1.47785 174.419 2958 29
25.1429 6.2632 175.581 3267 29
22.1483 6.96323 175.581 3918 29
20.7288 7.54012 175.581 4370 29
16.2175 7.56604 175.581 5212 29
35.5463 16.7054 175.581 5238 29
9.2737 4.74469 174.419 5545 29
24.404 15.4803 175.581 6359 29
17.2652 11.5577 175.581 6569 29
11.8016 10.3061 174.419 7637 29
4.37346 3.88909 174.419 7711 29
5.50129 5.17249 174.419 7939 29
8.76812 8.63377 174.419 8128 29
16.4809 16.6329 175.581 8229 29
12.5989 13.5535 174.419 8491 29
13.4863 15.2717 175.581 8700 29
10.3238 13.184 174.419 9188 29
17.4143 28.0279 175.581 10105 29
7.8153 17.3648 174.419 11298 29
4.25678 18.0065 174.419 13251 29
3.65397 15.4591 174.419 13251 29
5.20254 22.8166 175.581 13341 29
5.61089 27.3862 175.581 13598 29
1.6122 11.7839 174.419 14412 29
0.795494 7.46705 174.419 14806 29
0.912169 17.2287 174.419 15560 29
-4.82424 17.4814 174.419 19927 29
-5.4076 15.6536 174.419 20590 29
-4.7058 11.7238 163.081 21076 28
-5.01869 12.5034 174.419 21076 29
-3.51962 7.46528 163.081 21633 28
-17.5804 33.8934 174.419 21979 29
-8.59488 15.6129 163.081 22201 28
-19.9593 30.996 174.419 22801 29
-5.58084 7.89308 163.081 23170 28
-17.2287 22.3021 161.919 23524 28
-13.4757 13.9212 161.919 24442 28
-4.76413 3.5373 163.081 25786 28
-7.4476 5.32628 163.081 25936 28
-18.4148 10.6543 161.919 26762 28
-10.4033 4.8207 163.081 27579 28
-10.4228 3.7512 163.081 28431 28
-8.40043 2.8956 163.081 28568 28
-5.63918 1.6122 163.081 29125 28
-35.1962 9.85707 161.919 29183 28
-31.2683 8.10698 161.919 29394 28
-15.2452 3.7512 163.081 29532 28
-34.1073 7.99031 161.919 29658 28
-20.8455 3.98455 163.081 30138 28
-8.9449 0.951059 163.081 31193 28
-15.5952 1.30108 163.081 31506 28
-16.8786 1.26219 163.081 31628 28
-15.4591 1.12607 163.081 31655 28

105 187.5 200
-9.06157 -0.33234 188.081 -32188 30
-12.7562 -1.07127 188.081 -31498 30
-33.6406 -11.7663 188.081 -28522 30
-22.44 -7.87717 188.081 -28511 30
-8.53478 -3.30573 186.919 -28193 30
-8.0292 -3.26683 186.919 -28029 30
-19.4843 -9.51059 188.081 -27393 30
-13.0267 -7.91429 186.919 -26575 30
-12.035 -9.83939 186.919 -25398 30
-3.90676 -3.4224 186.919 -25117 30
-13.8752 -14.8439 188.081 -24299 30
-8.34032 -9.41159 186.919 -24081 30
-7.21249 -8.59488 186.919 -23859 30
-4.29567 -5.67807 186.919 -23440 30
-6.24022 -8.71156 186.919 -23221 30
-4.15955 -5.96975 186.919 -23112 30
-15.178 -23.5749 188.081 -22800 30
-12.0862 -19.3942 188.081 -22674 30
-2.62337 -5.17249 186.919 -21897 30
-12.9224 -28.4752 188.081 -21498 30
-9.85 -22.9138 188.081 -21309 30
-4.33456 -10.2283 186.919 -21260 30
-8.87773 -25.2861 188.081 -20641 30
-8.68327 -26.3362 188.081 -20446 30
-10.2972 -33.8616 188.081 -20204 30
-7.10171 -28.7474 188.081 -19629 30
-7.96379 -36.195 188.081 -19338 30
-2.05945 -10.9867 186.919 -18970 30
-4.09415 -23.2249 188.081 -18839 30
-3.42063 -22.9651 186.919 -18508 30
-0.814939 -8.41987 186.919 -17829 30
3.5868 -38.2174 188.081 -14978 30
7.07018 -25.9888 186.919 -12880 30
3.6363 -9.68206 200.581 -11910 31
3.18905 -7.1736 200.581 -11341 31
9.13935 -12.8906 200.581 -9586 31
14.8174 -20.6687 199.419 -9542 31
6.41699 -8.06809 200.581 -9125 31
8.28376 -8.06809 200.581 -8083 31
5.46417 -4.58735 200.581 -7477 31
24.9485 -18.8992 199.419 -7061 31
6.00864 -4.19845 200.581 -6739 31
6.592 -4.23734 200.581 -6410 31
5.58084 -3.57619 200.581 -6398 31
18.1426 -10.771 199.419 -6103 31
8.12819 -4.64569 200.581 -5958 31
7.15592 -4.06233 200.581 -5932 31
14.0007 -5.4624 200.581 -4598 31
9.70327 -3.18728 200.581 -4051 31
21.9733 -5.78649 199.419 -3415 31
9.81994 -2.21501 200.581 -3015 31
17.5787 -1.41775 200.581 -1222 31
12.7173 -0.212132 200.581 -268 31
30.9571 -0.173241 199.419 -91 31
9.74864 0.137886 200.581 228 31
25.668 4.88257 200.581 2618 31
30.0821 7.42992 200.581 3245 31
23.9762 7.50771 200.581 3906 31
24.6179 8.96611 200.581 4374 31
6.43467 2.37234 199.419 4413 31
18.3954 8.57721 200.581 5210 31
10.5182 5.36694 199.419 5535 31
26.4263 16.8415 200.581 6377 31
13.4156 11.6867 199.419 7627 31
5.2485 4.60857 199.419 7660 31
5.94854 5.61973 199.419 7959 31
9.97374 9.8005 199.419 8120 31
19.5533 20.5609 200.581 8397 31
13.6419 14.7273 200.581 8505 31
14.6141 16.5162 200.581 8692 31
3.40118 3.8502 199.419 8699 31
11.1794 14.2729 199.419 9187 31
9.71388 17.4885 200.581 10533 31
9.35149 17.112 199.419 10594 31
8.44993 18.8691 200.581 11316 31
5.09294 21.4094 199.419 13235 31
4.14011 17.6565 199.419 13271 31
5.82479 25.3445 200.581 13322 31
6.36926 31.1392 200.581 13601 31
2.77893 15.8804 199.419 13943 31
1.76777 13.4174 199.419 14476 31
0.873278 8.0893 199.419 14787 31
1.02884 19.601 199.419 15566 31
-1.52499 15.1286 199.419 17884 31
-5.69928 20.7288 199.419 19917 31
-5.71873 14.1757 199.419 21093 31
-3.81131 8.10698 188.081 21623 30
-6.41699 9.07925 188.081 23168 30
-18.7065 24.2467 186.919 23519 30
-15.3424 16.0602 186.919 24388 30
-5.48361 4.10122 188.081 25757 30
-8.57544 6.14299 188.081 25929 30
-21.1372 12.21 186.919 26769 30
-11.2784 5.22906 188.081 27578 30
-11.3367 4.12066 188.081 28400 30
-9.10046 3.20673 188.081 28499 30
-6.41699 1.84555 188.081 29108 30
-34.0101 8.78757 186.919 29403 30
-17.4231 4.29567 188.081 29527 30
-37.1019 8.72923 186.919 29647 30
-22.6539 4.35401 188.081 30126 30
-10.3061 1.14551 188.081 31129 30
-18.8426 1.59276 188.081 31491 30
-18.9204 1.43719 188.081 31611 30
-18.6093 1.35941 188.081 31652 30

105 212.5 225
-10.2089 -0.390676 213.081 -32164 32
-14.1174 -1.57685 213.081 -31121 32
-24.263 -8.53345 213.081 -28504 32
-36.2463 -12.8163 213.081 -28488 32
-9.62372 -3.69463 211.919 -28222 32
-8.74868 -3.44184 211.919 -28142 32
-21.915 -10.6968 213.081 -27393 32
-14.0767 -8.53654 211.919 -26583 32
-21.1867 -15.894 213.081 -25745 32
-14.0184 -11.6673 211.919 -25325 32
-4.41235 -3.8502 211.919 -25133 32
-9.04036 -10.1894 211.919 -24086 32
-7.79585 -9.25603 211.919 -23874 32
-4.62625 -6.12531 211.919 -23433 32
-7.48472 -9.95606 211.919 -23415 32
-17.1031 -26.5501 213.081 -22803 32
-14.1474 -22.6999 213.081 -22674 32
-2.93449 -5.87252 211.919 -21843 32
-13.4474 -31.3337 213.081 -21303 32
-4.68458 -11.045 211.919 -21263 32
-9.88889 -24.7417 213.081 -21062 32
-10.3945 -29.603 213.081 -20641 32
-10.2 -30.8086 213.081 -20459 32
-8.33325 -33.6866 213.081 -19633 32
-2.42891 -12.9118 211.919 -18978 32
-4.42472 -25.0722 213.081 -18841 32
-3.93859 -24.5472 213.081 -18649 32
-0.873277 -9.10046 211.919 -17818 32
-0.173241 -7.62261 211.919 -16748 32
4.24146 -44.8094 213.081 -14967 32
8.26608 -30.5293 211.919 -12893 32
4.12243 -10.9071 225.581 -11890 33
3.55851 -8.00975 225.581 -11344 33
10.2089 -14.4267 225.581 -9594 33
16.3147 -22.8661 224.419 -9561 33
6.96147 -8.69034 225.581 -9096 33
9.21714 -9.23481 225.581 -8199 33
5.87252 -4.95682 225.581 -7499 33
6.70868 -4.66514 225.581 -6720 33
7.38927 -4.76236 225.581 -6421 33
5.98919 -3.82898 225.581 -6389 33
21.0205 -12.4822 224.419 -6104 33
8.731 -5.01515 225.581 -5977 33
7.99207 -4.54846 225.581 -5942 33
15.7119 -6.08465 225.581 -4573 33
10.4228 -3.44007 225.581 -4065 33
23.6262 -6.22077 224.419 -3414 33
10.5589 -2.37057 225.581 -3003 33
18.901 -1.49553 225.581 -1201 33
13.6507 -0.212133 225.581 -250 33
33.2954 -0.16838 224.419 -82 33
10.8894 0.0601044 225.581 89 33
26.2902 5.27148 225.581 2736 33
34.9823 8.59665 225.581 3232 33
25.8235 8.07162 225.581 3901 33
28.5459 10.4051 225.581 4376 33
20.5538 9.60781 225.581 5219 33
27.5153 13.4191 225.581 5371 33
11.8016 6.02808 224.419 5539 33
6.18188 3.2085 224.419 5598 33
28.5848 18.261 225.581 6386 33
21.3316 13.8858 225.581 6460 33
15.1003 13.1522 225.581 7627 33
6.08466 5.36694 224.419 7678 33
6.43467 6.02808 224.419 7924 33
11.1794 11.0061 224.419 8128 33
8.9885 9.56716 224.419 8447 33
14.6336 15.8745 225.581 8525 33
3.98455 4.43356 224.419 8628 33
15.7225 17.7413 225.581 8686 33
12.0668 15.4079 225.581 9188 33
16.2864 24.2944 225.581 9808 33
9.07218 20.347 225.581 11331 33
5.96091 25.0139 225.581 13231 33
4.62624 19.8538 224.419 13287 33
6.46649 27.8529 225.581 13296 33
7.14708 34.8727 225.581 13597 33
1.94278 15.1091 224.419 14517 33
2.13723 16.7814 224.419 14533 33
0.951057 8.71156 224.419 14771 33
1.28163 22.0706 224.419 15484 33
-6.59377 23.879 224.419 19929 33
-6.41876 15.848 224.419 21106 33
-5.64743 13.884 224.419 21121 33
-3.97983 9.3126 213.081 21289 32
-4.12243 8.72923 213.081 21639 32
-7.11703 10.3497 213.081 23059 32
-7.2337 10.2849 213.081 23149 32
-20.1455 26.1523 211.919 23513 32
-3.53907 4.41235 213.081 23676 32
-17.2092 18.2381 211.919 24338 32
-6.22254 4.6068 213.081 25798 32
-9.70327 6.9597 213.081 25924 32
-23.879 13.7073 211.919 26792 32
-12.1923 5.63741 213.081 27587 32
-12.2701 4.47068 213.081 28392 32
-9.81994 3.45952 213.081 28499 32
-7.27259 2.07889 213.081 29125 32
-36.7908 9.46816 211.919 29414 32
-19.601 4.84015 213.081 29523 32
-24.3457 4.68458 211.919 30124 32
-11.6673 1.26219 213.081 31168 32
-22.0706 1.86499 213.081 31491 32
-20.9816 1.59276 213.081 31612 32
-21.7983 1.59276 213.081 31652 32

100 237.5 250
-11.3756 -0.429567 238.081 -32171 34
-15.6925 -2.21855 238.081 -30738 34
-26.0569 -9.16057 238.081 -28506 34
-38.8325 -13.8858 238.081 -28452 34
-11.3738 -4.35578 236.919 -28231 34
-9.42927 -3.65574 236.919 -28190 34
-24.3846 -11.8829 238.081 -27399 34
-15.1073 -9.17825 236.919 -26575 34
-16.1309 -13.4828 238.081 -25308 34
-4.93737 -4.33633 236.919 -25106 34
-9.72095 -10.9867 236.919 -24075 34
-8.39866 -9.93662 236.919 -23888 34
-4.95682 -6.57256 236.919 -23427 34
-7.69863 -11.7256 236.919 -22877 34
-16.2475 -25.9667 238.081 -22689 34
-3.28451 -6.53366 236.919 -21865 34
-5.0346 -11.8617 236.919 -21265 34
-9.88889 -26.5306 238.081 -20832 34
-11.8723 -33.881 238.081 -20635 34
-2.75948 -14.8369 236.919 -18953 34
-4.77474 -26.939 238.081 -18850 34
-4.44417 -25.9473 238.081 -18779 34
-0.951057 -9.8005 236.919 -17833 34
-0.17324 -8.16708 236.919 -16724 34
9.45225 -35.0601 236.919 -12904 34
3.92798 -8.84591 250.581 -11345 35
11.22 -15.9046 249.419 -9606 35
17.8315 -25.0051 249.419 -9563 35
7.42816 -9.3126 250.581 -9114 35
10.0727 -10.4015 250.581 -8323 35
6.30032 -5.30684 250.581 -7490 35
7.38927 -5.15127 250.581 -6730 35
8.14764 -5.28739 250.581 -6447 35
6.39755 -4.12066 250.581 -6418 35
23.8984 -14.1934 249.419 -6104 35
10.8311 -6.33744 250.581 -6047 35
9.35325 -5.36517 250.581 -5972 35
8.84767 -5.05404 250.581 -5956 35
4.80302 -2.6817 250.581 -5870 35
17.4231 -6.70691 250.581 -4553 35
11.1228 -3.67342 250.581 -4067 35
25.2596 -6.68746 249.419 -3429 35
11.3172 -2.54559 250.581 -3008 35
20.2621 -1.6122 250.581 -1207 35
14.623 -0.251022 250.581 -276 35
35.7018 -0.0954595 249.419 -43 35
11.9784 -0.0176773 250.581 -24 35
26.9611 5.90346 250.581 2943 35
39.5715 9.6856 249.419 3221 35
27.632 8.63554 250.581 3901 35
32.435 11.8311 250.581 4378 35
22.7512 10.6514 250.581 5224 35
13.0656 6.66978 249.419 5537 35
30.7627 19.7 250.581 6396 35
23.6456 15.3831 250.581 6457 35
5.92909 4.04465 249.419 6644 35
22.3534 16.6329 250.581 6989 35
16.6753 14.5717 250.581 7640 35
4.14011 3.65574 249.419 7683 35
6.90136 6.10587 249.419 7690 35
6.88192 6.47533 249.419 7942 35
12.3655 12.1923 249.419 8134 35
15.6253 17.0218 250.581 8542 35
4.52902 5.05581 249.419 8642 35
16.8309 19.0053 250.581 8689 35
16.5652 20.0359 250.581 8968 35
12.9224 16.4968 250.581 9187 35
9.69443 21.8249 250.581 11344 35
5.28739 17.1314 249.419 12519 35
6.83595 28.4946 250.581 13213 35
5.18309 22.136 250.581 13275 35
7.08875 30.4197 250.581 13287 35
7.94435 38.5868 250.581 13586 35
1.88444 10.6172 249.419 13914 35
2.07889 16.762 249.419 14576 35
1.00939 9.35325 249.419 14788 35
1.59276 24.5596 249.419 15386 35
-1.7713 27.5347 249.419 17374 35
-7.50771 27.0486 249.419 19943 35
-7.09935 17.5398 249.419 21104 35
-4.39467 9.39038 238.081 21607 34
-8.0893 11.5294 238.081 23139 34
-19.2592 27.4181 249.419 23144 35
-19.8944 28.157 249.419 23167 35
-18.4732 25.6468 236.919 23244 34
-3.92798 4.87904 238.081 23691 34
-19.1149 20.5326 236.919 24283 34
-6.92257 5.15127 238.081 25777 34
-10.8117 7.79585 238.081 25903 34
-26.5625 15.224 236.919 26798 34
-13.1062 6.04576 238.081 27596 34
-13.184 4.80126 238.081 28394 34
-10.5589 3.73176 238.081 28489 34
-8.05041 2.31224 238.081 29112 34
-21.7206 5.36517 236.919 29522 34
-26.1347 4.99571 236.919 30138 34
-13.0284 1.41775 238.081 31160 34
-25.1624 2.10482 236.919 31503 34
-23.0623 1.76777 238.081 31601 34
-24.9679 1.80666 238.081 31662 34

92 262.5 275
-12.5277 -0.453875 263.081 -32195 36
-17.2287 -2.89914 263.081 -30408 36
-27.8459 -9.78282 263.081 -28508 36
-13.9813 -5.09647 263.081 -28391 36
-10.0904 -3.92798 261.919 -28177 36
-26.8541 -13.0691 263.081 -27404 36
-16.1185 -9.8005 261.919 -26572 36
-18.1532 -15.2328 263.081 -25292 36
-5.42351 -4.78358 261.919 -25089 36
-10.3626 -11.745 261.919 -24063 36
-9.00147 -10.6172 261.919 -23901 36
-5.28739 -7.05869 261.919 -23400 36
-7.80882 -13.4951 261.919 -22389 36
-3.61508 -7.21426 261.919 -21853 36
-5.38462 -12.6784 261.919 -21268 36
-9.90833 -28.378 263.081 -20624 36
-3.09006 -16.762 261.919 -18934 36
-5.10531 -28.8252 263.081 -18849 36
-4.85252 -27.4057 263.081 -18848 36
-0.98995 -10.4616 261.919 -17800 36
-0.192686 -8.731 261.919 -16737 36
10.7038 -39.773 263.081 -12909 36
4.80479 -12.6006 261.919 -11861 36
4.31689 -9.7015 275.581 -11338 37
12.2895 -17.4408 274.419 -9611 37
18.5527 -26.1152 261.919 -9578 36
9.70327 -13.0267 275.581 -9389 37
7.95318 -9.9543 275.581 -9107 37
11.0061 -11.4905 275.581 -8368 37
6.72812 -5.65685 275.581 -7483 37
8.12819 -5.61796 275.581 -6696 37
6.8059 -4.41235 275.581 -6444 37
8.9449 -5.77353 275.581 -6426 37
26.7569 -15.8852 274.419 -6103 37
9.97551 -5.75408 275.581 -5993 37
9.70327 -5.52074 275.581 -5941 37
5.28916 -2.97338 275.581 -5895 37
19.0954 -7.29027 275.581 -4526 37
11.8034 -3.92621 275.581 -4089 37
26.9125 -7.09582 274.419 -3418 37
12.0562 -2.74004 275.581 -3034 37
21.6039 -1.70943 275.581 -1201 37
15.5563 -0.251022 275.581 -260 37
13.0916 -0.110043 275.581 -136 37
38.0353 0.0601039 274.419 25 37
26.9903 7.52715 275.581 3572 37
29.4404 9.19946 275.581 3900 37
36.3241 13.283 275.581 4387 37
24.9291 11.6885 275.581 5229 37
14.3295 7.31149 274.419 5535 37
25.9013 16.861 275.581 6460 37
18.2893 15.9523 275.581 7632 37
5.6763 4.95858 274.419 7639 37
4.56791 4.00576 274.419 7654 37
7.75696 6.8059 274.419 7657 37
7.34861 6.90313 274.419 7935 37
13.5517 13.3785 274.419 8139 37
13.6224 13.4633 275.581 8143 37
16.617 18.1691 275.581 8557 37
5.07349 5.67807 274.419 8652 37
17.9393 20.2692 275.581 8691 37
13.778 17.5857 275.581 9186 37
9.3126 13.9229 274.419 9817 37
10.3361 23.2833 275.581 11346 37
7.711 31.8976 275.581 13194 37
7.69156 32.8893 275.581 13278 37
5.66923 24.3333 275.581 13288 37
7.53599 32.5004 275.581 13300 37
2.21501 18.4537 274.419 14628 37
1.04829 9.97551 274.419 14825 37
1.89681 27.1723 275.581 15314 37
-8.4022 30.1988 274.419 19950 37
-7.81883 19.1926 274.419 21126 37
-4.72524 10.0321 263.081 21630 36
-8.90601 12.735 263.081 23126 36
-4.35578 5.38462 263.081 23710 36
-20.9622 22.8466 261.919 24223 36
-7.62261 5.69575 263.081 25761 36
-11.9589 8.59311 263.081 25917 36
-29.3043 16.7213 261.919 26815 36
-4.7058 2.54558 263.081 27016 36
-13.9813 6.45412 263.081 27593 36
-14.0979 5.13183 263.081 28395 36
-11.2784 3.98455 263.081 28490 36
-8.90601 2.54559 263.081 29125 36
-23.9373 5.90964 261.919 29523 36
-27.9625 5.34573 261.919 30138 36
-14.3896 1.57331 263.081 31153 36
-28.3903 2.37706 261.919 31502 36
-25.0457 1.96222 261.919 31577 36
-25.143 1.94277 263.081 31592 36
-28.0014 2.04 261.919 31655 36

94 312.5 325
-14.973 -0.643467 313.081 -32092 38
-6.86247 -1.01116 311.919 -30663 38
-20.3399 -4.22143 313.081 -29952 38
-18.7065 -6.4771 313.081 -28554 38
-31.4433 -11.0468 313.081 -28508 38
-11.3544 -4.29744 311.919 -28269 38
-31.7544 -15.4803 313.081 -27398 38
-22.334 -18.8303 313.081 -25273 38
-6.43467 -5.71696 311.919 -25059 38
-11.7433 -13.2812 311.919 -24072 38
-10.1682 -11.9395 311.919 -23919 38
-5.96798 -7.97263 311.919 -23397 38
-4.29567 -8.55599 311.919 -21860 38
-7.6014 -16.8397 311.919 -21479 38
-2.62337 -6.10587 311.919 -21307 38
-6.08465 -14.3118 311.919 -21271 38
-9.94722 -31.9559 313.081 -20273 38
-5.64978 -30.3031 313.081 -18958 38
-3.71231 -20.5733 311.919 -18888 38
-5.80535 -32.5587 313.081 -18863 38
-1.12607 -11.8423 311.919 -17806 38
-0.212132 -9.83939 311.919 -16729 38
1.63342 -6.12354 325.581 -12933 39
2.02233 -5.77353 325.581 -12133 39
5.77706 -14.973 311.919 -11822 38
5.0947 -11.4127 325.581 -11327 39
2.76125 -5.57907 325.581 -10959 39
14.0719 -27.5681 311.919 -10847 38
18.6888 -31.8516 311.919 -10325 38
14.3896 -20.5521 324.419 -9636 39
21.5862 -30.471 311.919 -9590 38
8.96435 -11.1599 325.581 -9085 39
12.8534 -13.7267 325.581 -8461 39
7.52538 -6.37634 325.581 -7514 39
9.46993 -6.5319 325.581 -6687 39
4.86136 -3.24562 325.581 -6559 39
7.6615 -4.95682 325.581 -6436 39
10.5005 -6.78469 325.581 -6430 39
11.2006 -6.47356 325.581 -6001 39
11.395 -6.51245 325.581 -5958 39
6.18365 -3.47897 325.581 -5898 39
22.3234 -8.49589 324.419 -4516 39
13.2035 -4.47068 325.581 -4144 39
30.2377 -8.00975 324.419 -3431 39
13.534 -3.05117 325.581 -3014 39
24.3068 -1.92333 325.581 -1201 39
15.3619 -0.289913 325.581 -303 39
17.462 -0.289913 325.581 -267 39
43.5383 0.00176811 324.419 0 39
33.0767 10.3467 325.581 3903 39
26.9514 10.9107 325.581 4721 39
29.3043 13.7302 325.581 5227 39
16.9564 8.6161 325.581 5520 39
17.3453 9.8606 325.581 5938 39
30.471 19.7583 325.581 6444 39
21.4589 18.7719 325.581 7644 39
5.34573 4.7058 324.419 7670 39
9.42927 8.32265 324.419 7681 39
8.26254 7.77818 324.419 7944 39
16.0336 15.8745 325.581 8151 39
3.94566 4.16132 324.419 8409 39
18.6393 20.4248 325.581 8566 39
6.18188 6.90313 324.419 8643 39
20.1172 22.7582 325.581 8696 39
15.3881 19.2581 325.581 9107 39
15.5086 19.7831 325.581 9184 39
5.15127 6.68923 324.419 9256 39
2.54558 4.86136 324.419 10753 39
11.639 26.2584 325.581 11352 39
2.23446 5.22434 324.419 11475 39
8.91662 37.9257 325.581 13265 39
6.68039 28.728 325.581 13292 39
2.54558 21.8178 324.419 14672 39
1.1844 11.2006 324.419 14817 39
2.53851 32.1698 325.581 15185 39
-10.1134 36.4991 324.419 19938 39
-9.19946 22.5178 324.419 21136 39
-5.32805 11.3349 313.081 21622 38
-10.5783 15.1073 313.081 23131 38
-5.15304 6.37634 313.081 23706 38
-9.08102 6.80413 313.081 25750 38
-14.2146 10.2265 313.081 25912 38
-5.3086 2.83727 313.081 27061 38
-15.7508 7.29027 313.081 27584 38
-15.9453 5.85131 313.081 28369 38
-12.7562 4.52902 313.081 28475 38
-10.5005 3.05117 313.081 29079 38
-28.3644 7.01804 311.919 29518 38
-31.5405 6.04576 311.919 30132 38
-10.0727 1.84555 313.081 30230 38
-17.0925 1.86499 313.081 31156 38
-34.8268 2.91505 311.919 31502 38
-29.1876 2.21501 311.919 31612 38
-34.399 2.52614 311.919 31647 38

90 387.5 400
-18.7065 -0.876812 388.081 -32034 40
-8.5171 -1.26572 388.081 -30648 40
-26.9514 -6.24375 388.081 -29686 40
-24.9679 -6.17893 388.081 -29517 40
-6.7458 -1.90565 386.919 -29159 40
-36.8102 -12.9135 388.081 -28512 40
-13.2229 -4.88257 388.081 -28349 40
-7.99031 -7.11703 386.919 -25049 40
-13.778 -15.6412 388.081 -24057 40
-11.9183 -14.0007 386.919 -23917 40
-7.01804 -9.41159 386.919 -23382 40
-5.30684 -10.6561 386.919 -21830 40
-3.36229 -7.85596 386.919 -21294 40
-7.13471 -16.762 386.919 -21275 40
-7.67211 -21.6693 388.081 -20668 40
-6.89429 -34.3477 388.081 -19122 40
-6.82947 -38.1979 388.081 -18869 40
-4.67751 -26.4529 388.081 -18845 40
-1.32052 -13.9035 386.919 -17805 40
-2.1496 -35.8645 388.081 -17310 40
-0.270467 -11.5311 386.919 -16759 40
-0.153794 -7.99207 386.919 -16693 40
1.88621 -7.19304 400.581 -12980 41
2.46957 -7.07637 400.581 -12145 41
2.139 -5.65685 400.581 -11888 41
7.19658 -18.5315 386.919 -11801 40
6.0493 -13.4562 386.919 -11302 40
3.38351 -6.82358 400.581 -10952 41
17.0165 -24.4235 386.919 -9656 40
10.52 -12.9489 400.581 -9039 41
15.5369 -16.9158 399.419 -8540 41
8.76989 -7.42639 400.581 -7512 41
11.4923 -7.8153 400.581 -6631 41
5.9503 -3.94566 400.581 -6532 41
8.90601 -5.81242 400.581 -6470 41
12.8923 -8.12642 400.581 -6334 41
13.009 -7.58195 400.581 -6032 41
13.9229 -7.95142 400.581 -5955 41
7.58372 -4.25678 400.581 -5890 41
6.14476 -2.81782 400.581 -5151 41
27.1847 -10.3238 399.419 -4509 41
15.2452 -5.22905 400.581 -4184 41
35.2157 -9.37093 399.419 -3443 41
15.7897 -3.51786 400.581 -2985 41
28.2737 -2.23446 399.419 -1199 41
18.7454 -0.562149 400.581 -477 41
20.301 -0.328804 400.581 -261 41
38.502 12.0385 400.581 3902 41
20.7483 7.66327 400.581 4419 41
35.8574 16.7832 400.581 5223 41
20.7094 10.5023 400.581 5512 41
26.9514 17.5999 400.581 6472 41
11.9377 10.4811 399.419 7659 41
6.55135 5.75585 399.419 7662 41
9.66261 9.02268 399.419 7911 41
19.6699 19.5886 400.581 8175 41
4.76236 4.97803 399.419 8373 41
21.595 23.8861 400.581 8604 41
7.83474 8.72452 399.419 8632 41
18.0949 23.0694 400.581 9181 41
2.97338 5.28916 399.419 10488 41
2.97338 5.67807 399.419 10753 41
2.70115 5.32805 399.419 10872 41
4.37346 9.33381 399.419 11156 41
13.6224 30.7309 400.581 11351 41
8.1388 35.2811 400.581 13312 41
2.48725 13.5146 399.419 13837 41
2.33168 13.6313 399.419 13990 41
3.0052 26.8807 400.581 14736 41
1.41775 13.0673 399.419 14780 41
3.47189 39.6369 400.581 15064 41
-0.777818 6.78469 388.081 18069 40
-11.2412 27.5153 399.419 21136 41
-6.22254 13.2406 388.081 21622 40
-13.0414 18.6853 386.919 23118 40
-6.33921 7.83474 388.081 23711 40
-11.2006 8.41811 388.081 25737 40
-17.5398 12.6572 386.919 25900 40
-6.20309 3.30396 388.081 27074 40
-18.4213 8.53478 388.081 27580 40
-18.6676 6.86247 388.081 28363 40
-18.6093 6.72635 388.081 28418 40
-14.9341 5.38462 388.081 28426 40
-12.2506 3.94566 388.081 28776 40
-34.9823 8.6709 386.919 29513 40
-6.30032 1.49553 388.081 29624 40
-36.9269 7.07637 386.919 30133 40
-12.4256 2.2539 388.081 30252 40
-21.1566 2.27335 388.081 31178 40
-35.4442 2.64767 386.919 31629 40

89 487.5 500
-23.7623 -1.11016 488.081 -32036 42
-10.6755 -1.59629 488.081 -30636 42
-36.8685 -6.28264 486.919 -30382 42
-31.1321 -8.79111 488.081 -29160 42
-8.49589 -2.41124 486.919 -29145 42
-15.5175 -5.69928 488.081 -28366 42
-25.5902 -15.4609 488.081 -26597 42
-4.25678 -3.61685 486.919 -25241 42
-10.0904 -9.06157 486.919 -25016 42
-16.4809 -18.733 488.081 -24052 42
-14.2836 -16.6913 488.081 -23939 42
-8.37921 -11.2395 486.919 -23381 42
-2.6817 -4.64746 486.919 -22378 42
-6.66801 -13.3396 486.919 -21844 42
-4.33456 -10.1505 486.919 -21286 42
-8.54715 -20.0942 488.081 -21273 42
-8.08046 -29.2336 488.081 -19932 42
-6.01925 -34.0949 488.081 -18842 42
-0.951059 -7.05221 486.919 -18330 42
-1.6122 -16.6064 486.919 -17833 42
-0.464921 -8.14764 486.919 -17268 42
-0.328804 -13.7674 486.919 -16766 42
-0.192687 -10.0144 486.919 -16693 42
2.25567 -8.57367 500.581 -12971 43
3.03349 -8.80701 500.581 -12186 43
2.64458 -7.09582 500.581 -11935 43
6.08819 -15.673 486.919 -11800 42
9.12168 -23.2956 486.919 -11773 42
7.58549 -16.8203 486.919 -11291 42
4.18077 -8.47644 500.581 -10972 43
3.30572 -5.50129 500.581 -10234 43
3.25387 -5.34573 500.581 -10184 43
21.2556 -30.6071 486.919 -9669 42
12.5229 -15.3407 499.419 -9020 43
19.0176 -21.2132 499.419 -8639 43
10.4228 -8.8848 500.581 -7539 43
14.1952 -9.54594 500.581 -6587 43
7.38927 -4.91793 500.581 -6547 43
10.5589 -6.88192 500.581 -6464 43
16.023 -9.97374 500.581 -6285 43
17.2676 -9.89596 499.419 -5968 43
9.45048 -5.26795 500.581 -5864 43
7.85596 -3.59564 500.581 -5144 43
33.6989 -12.7933 499.419 -4508 43
17.9676 -6.24022 500.581 -4223 43
18.7454 -4.14011 500.581 -2963 43
33.6601 -2.64281 499.419 -1192 43
23.2567 -0.873278 500.581 -592 43
24.054 -0.38714 500.581 -259 43
8.03097 0.624022 500.581 1181 43
25.7458 13.0497 500.581 5511 43
5.48184 3.2085 499.419 6049 43
8.18476 7.15592 499.419 7642 43
15.3336 13.4633 500.581 7659 43
11.4516 10.7339 499.419 7926 43
5.85131 6.06697 499.419 8340 43
10.071 11.1422 499.419 8605 43
6.16243 10.0494 499.419 10156 43
3.79009 6.8059 499.419 10523 43
3.57619 6.70868 499.419 10687 43
3.40118 6.72812 499.419 10882 43
3.24562 12.8729 499.419 13084 43
3.47896 16.6064 499.419 13546 43
3.01227 17.1509 499.419 13936 43
3.60801 33.5504 500.581 14793 43
1.65109 15.5563 499.419 14811 43
-0.622253 7.09582 488.081 17704 42
-0.915703 9.17825 499.419 17870 43
-2.33345 6.08465 488.081 20925 42
-14.0219 34.1851 499.419 21149 43
-7.52715 16.1008 499.419 21603 43
-16.7637 24.1318 499.419 23100 43
-16.3536 23.5272 486.919 23102 42
-3.53907 4.56791 488.081 23536 42
-10.0727 12.735 488.081 23619 42
-3.59741 4.47068 488.081 23689 42
-7.93374 9.81818 488.081 23706 42
-14.0785 10.596 488.081 25732 42
-22.0706 15.9046 486.919 25906 42
-7.40871 3.92621 488.081 27092 42
-21.9733 10.1682 486.919 27584 42
-22.265 8.20421 486.919 28356 42
-17.8898 6.47356 488.081 28414 42
-14.3118 5.15127 488.081 28431 42
-7.89485 1.92333 488.081 29558 42
-13.0673 2.50669 488.081 30130 42
-15.5466 2.82754 488.081 30246 42
-17.6953 2.39002 488.081 30818 42
-26.5041 2.87616 486.919 31164 42

94 587.5 600
-28.8959 -1.42129 586.919 -31999 44
-12.8534 -1.94631 588.081 -30613 44
-12.9312 -2.45189 588.081 -30156 44
-10.2283 -2.89914 588.081 -29149 44
-37.3158 -11.3968 588.081 -28934 44
-17.812 -6.51599 588.081 -28379 44
-29.771 -17.9305 588.081 -26609 44
-4.91793 -4.20021 586.919 -25220 44
-12.1905 -10.9283 586.919 -25023 44
-19.1838 -21.8249 588.081 -24048 44
-16.5781 -19.3747 588.081 -23938 44
-9.75984 -13.1257 586.919 -23371 44
-3.09006 -5.40583 586.919 -22343 44
-7.9903 -16.0619 586.919 -21826 44
-9.94723 -23.3999 588.081 -21271 44
-7.69155 -36.3117 588.081 -19247 44
-1.14551 -8.43932 586.919 -18342 44
-1.94277 -19.3093 586.919 -17881 44
-0.581594 -9.46993 586.919 -17332 44
-0.406585 -16.023 586.919 -16789 44
-0.17324 -12.0562 586.919 -16616 44
2.54912 -9.8005 586.919 -13002 44
3.57796 -10.5182 600.581 -12225 45
3.15016 -8.457 600.581 -11937 45
11.0662 -28.0403 586.919 -11747 44
9.0439 -20.1066 586.919 -11300 44
12.5635 -27.7097 586.919 -11272 44
4.99748 -10.1488 600.581 -10978 45
4.47245 -8.7422 600.581 -10838 45
4.00576 -6.59023 600.581 -10190 45
3.88909 -6.39578 600.581 -10188 45
14.5841 -17.7908 599.419 -9003 45
17.5592 -15.5157 599.419 -7685 45
12.0562 -10.2849 600.581 -7542 45
16.8786 -11.296 599.419 -6568 45
8.82823 -5.8902 600.581 -6556 45
12.2506 -7.99031 600.581 -6467 45
19.076 -11.7822 599.419 -6255 45
20.6511 -11.8016 599.419 -5958 45
11.3367 -6.25966 600.581 -5828 45
9.56715 -4.37346 600.581 -5139 45
5.26971 -2.2539 600.581 -4908 45
21.8567 -9.2737 599.419 -4880 45
20.6899 -7.25138 599.419 -4252 45
21.7011 -4.76236 600.581 -2948 45
19.0954 -3.55675 600.581 -2572 45
39.0853 -3.09006 599.419 -1200 45
27.7097 -1.28163 599.419 -724 45
27.807 -0.445477 599.419 -258 45
22.4595 0.040659 600.581 29 45
7.32916 0.311127 599.419 667 45
9.56715 0.760139 600.581 1205 45
30.7432 15.597 600.581 5514 45
6.70691 3.88909 599.419 6013 45
9.89596 5.75585 599.419 6025 45
5.09294 3.2085 599.419 6332 45
9.75984 8.53655 599.419 7644 45
18.6977 16.3996 600.581 7655 45
13.3184 12.4451 599.419 7914 45
6.92081 7.13647 599.419 8317 45
12.3266 13.5924 599.419 8592 45
3.28451 4.278 599.419 9268 45
4.64569 8.28376 599.419 10497 45
4.21789 7.77818 599.419 10623 45
4.06233 8.0893 599.419 10906 45
4.21789 15.7119 599.419 12916 45
4.56791 19.7177 599.419 13302 45
3.44007 20.7677 599.419 14055 45
2.00111 16.3731 599.419 14599 45
1.96222 18.0454 599.419 14777 45
4.15248 40.2786 600.581 14852 45
-1.03238 11.3172 599.419 17753 45
-0.915704 8.55599 599.419 17967 45
-2.80014 7.32916 588.081 20913 44
-8.73277 18.6287 599.419 21613 45
-20.063 28.9737 599.419 23087 45
-4.278 5.4624 588.081 23579 44
-4.21966 5.20961 588.081 23715 44
-9.56715 11.7627 588.081 23732 44
-3.77241 3.86787 588.081 24473 44
-16.8981 12.7933 586.919 25708 44
-26.6014 19.152 586.919 25909 44
-8.59488 4.56791 588.081 27082 44
-25.5319 11.8211 586.919 27582 44
-16.3731 6.35689 588.081 28185 44
-32.8433 12.6767 586.919 28205 44
-25.9013 9.58483 586.919 28342 44
-20.7677 7.56251 586.919 28394 44
-12.5618 3.09006 588.081 29533 44
-9.50882 2.29279 588.081 29584 44
-18.6676 3.51786 588.081 30170 44
-18.726 3.38174 588.081 30261 44
-31.91 3.45952 586.919 31165 44
-30.0043 2.6817 586.919 31423 44

96 637.5 650
-31.4724 -1.58657 636.919 -31981 46
-13.9424 -2.14077 638.081 -30587 46
-14.0396 -3.75474 638.081 -29310 46
-11.0839 -3.13248 638.081 -29157 46
-17.462 -5.28444 638.081 -28961 46
-40.2909 -12.6607 636.919 -28850 46
-18.8621 -6.94379 638.081 -28359 46
-31.8322 -19.175 638.081 -26608 46
-5.26795 -4.47245 636.919 -25245 46
-13.2406 -11.9006 636.919 -25012 46
-20.545 -23.3416 638.081 -24053 46
-17.7643 -20.7165 638.081 -23947 46
-3.44007 -4.278 636.919 -23686 46
-10.4015 -14.0396 636.919 -23356 46
-3.3234 -5.79474 636.919 -22355 46
-8.69034 -17.3842 636.919 -21844 46
-10.6959 -25.0236 638.081 -21290 46
-1.26219 -9.17825 636.919 -18364 46
-2.07889 -20.6511 636.919 -17882 46
-0.639933 -10.1376 636.919 -17356 46
-0.426031 -17.1314 636.919 -16781 46
-0.163519 -13.0771 636.919 -16586 46
0.526795 -8.63377 636.919 -15441 46
2.72413 -10.52 636.919 -13014 46
10.8205 -38.8007 638.081 -12811 46
3.75474 -11.1617 636.919 -12259 46
3.4224 -9.19592 650.581 -11940 47
12.019 -30.4321 636.919 -11745 46
9.76338 -21.7594 636.919 -11309 46
5.40583 -11.0238 650.581 -10993 47
4.33633 -7.11526 650.581 -10179 47
4.21966 -6.92081 650.581 -10178 47
15.5758 -19.0159 649.419 -9006 47
18.6287 -18.802 649.419 -8229 47
12.9118 -10.9849 650.581 -7531 47
4.35578 -3.05117 650.581 -6749 47
18.2398 -12.1905 649.419 -6563 47
9.52826 -6.35689 650.581 -6556 47
13.0673 -8.57367 650.581 -6490 47
20.5927 -12.6378 649.419 -6230 47
22.3234 -12.7739 649.419 -5963 47
4.68635 -2.64281 650.581 -5907 47
12.2766 -6.7458 650.581 -5810 47
10.4228 -4.76236 650.581 -5138 47
5.7364 -2.44836 650.581 -4901 47
25.0652 -9.37093 649.419 -4458 47
22.0122 -7.79585 649.419 -4284 47
23.1595 -5.05405 649.419 -2934 47
41.7882 -3.26507 649.419 -1187 47
29.9849 -1.45664 649.419 -759 47
20.8844 -0.834387 650.581 -629 47
29.7126 -0.484369 649.419 -262 47
7.91429 0.351786 650.581 697 47
10.3644 0.818476 650.581 1199 47
25.9208 4.59089 650.581 2465 47
33.2517 16.8739 650.581 5515 47
7.32916 4.278 649.419 6038 47
10.7127 6.26143 649.419 6043 47
5.52073 3.48073 649.419 6335 47
11.9377 9.50882 649.419 7264 47
10.5571 9.21714 649.419 7636 47
20.3894 17.8969 650.581 7658 47
14.2252 13.3272 650.581 7924 47
7.46528 7.64206 649.419 8287 47
13.4474 14.805 650.581 8585 47
3.55675 4.62801 649.419 9264 47
6.16244 8.32265 649.419 9413 47
5.01516 9.04213 649.419 10538 47
4.58735 8.34209 649.419 10570 47
4.41235 8.75045 649.419 10891 47
5.11238 21.1955 649.419 13200 47
3.67342 22.6345 649.419 14096 47
2.09834 19.2704 649.419 14775 47
1.3983 18.1037 649.419 15209 47
-1.11016 12.4062 649.419 17729 47
-1.03238 9.21714 649.419 18034 47
-3.03349 7.95142 638.081 20908 46
-9.33558 19.8927 649.419 21617 47
-2.45012 5.11238 638.081 21692 46
-4.62801 5.8902 638.081 23592 46
-10.3644 12.7544 638.081 23729 46
-4.51134 5.54018 638.081 23737 46
-4.12243 4.21789 638.081 24482 46
-3.69463 3.71231 638.081 24556 46
-18.3565 13.8628 636.919 25718 46
-9.21714 4.87904 638.081 27097 46
-27.3403 12.6572 636.919 27583 46
-17.3842 6.97914 638.081 28074 46
-27.7292 10.246 636.919 28347 46
-22.2067 8.09402 636.919 28391 46
-12.2895 3.36229 638.081 29248 46
-10.2866 2.48725 638.081 29577 46
-20.2233 3.82898 638.081 30159 46
-20.301 3.67342 638.081 30257 46
-34.6129 3.7512 636.919 31165 46
-36.2463 2.81782 636.919 31586 46

99 687.5 700
-34.1073 -1.73241 686.919 -31976 48
-15.0119 -2.31578 688.081 -30578 48
-11.9589 -3.38527 688.081 -29153 48
-15.2258 -5.01869 688.081 -28706 48
-19.7371 -7.42992 688.081 -28287 48
-5.57907 -4.78357 686.919 -25204 48
-14.3419 -12.8994 688.081 -25009 48
-21.8673 -24.8972 688.081 -24045 48
-18.931 -22.0776 688.081 -23947 48
-3.71231 -4.60209 686.919 -23699 48
-11.1016 -14.973 686.919 -23359 48
-7.8153 -11.9201 686.919 -22872 48
-4.91793 -8.47821 686.919 -22398 48
-3.55675 -6.18365 686.919 -22366 48
-9.38331 -18.7914 688.081 -21840 48
-11.3667 -26.6862 688.081 -21278 48
-1.33997 -9.87828 686.919 -18340 48
-2.27335 -22.0122 686.919 -17917 48
-0.678822 -10.7987 686.919 -17353 48
-0.445477 -18.2398 686.919 -16774 48
-0.173241 -14.0785 686.919 -16583 48
2.89914 -11.2395 686.919 -13024 48
4.06587 -12.0173 686.919 -12242 48
3.69463 -9.85707 700.581 -11917 49
12.8941 -33.0572 686.919 -11786 48
8.94019 -22.2845 686.919 -11692 48
10.4829 -23.4123 686.919 -11316 48
5.82391 -11.8697 700.581 -10991 49
4.6669 -7.64029 700.581 -10171 49
4.55023 -7.44583 700.581 -10169 49
16.587 -20.2604 699.419 -9008 49
19.7177 -22.0688 699.419 -8652 49
13.709 -11.7044 700.581 -7545 49
4.7058 -3.3234 700.581 -6781 49
19.6788 -13.1628 699.419 -6566 49
10.2477 -6.84303 700.581 -6560 49
13.9035 -9.0987 700.581 -6480 49
22.0122 -13.4739 699.419 -6220 49
23.9957 -13.7462 699.419 -5967 49
5.07526 -2.87616 700.581 -5926 49
13.2423 -7.19304 700.581 -5766 49
11.3172 -5.11238 700.581 -5098 49
6.22254 -2.66226 700.581 -4909 49
13.4562 -5.43647 700.581 -4714 49
23.3734 -8.30144 699.419 -4293 49
28.2737 -9.46816 699.419 -4110 49
17.2092 -4.08177 700.581 -3141 49
24.5985 -5.40406 699.419 -2951 49
32.26 -1.63165 699.419 -788 49
7.17537 -0.231577 700.581 -512 49
31.5988 -0.503814 699.419 -257 49
8.5171 0.371231 700.581 684 49
11.1617 0.876812 700.581 1193 49
22.6539 1.94631 700.581 1296 49
29.4015 9.16057 700.581 3892 49
30.3932 13.1858 700.581 4957 49
11.5683 6.72812 699.419 6024 49
7.91253 4.62801 699.419 6046 49
5.94853 3.75297 699.419 6338 49
3.98455 3.26683 699.419 7381 49
5.63741 4.68635 699.419 7437 49
11.3349 9.91717 699.419 7645 49
22.0617 19.3358 700.581 7652 49
15.1392 14.2022 700.581 7930 49
8.0292 8.16708 699.419 8261 49
14.6141 16.0496 700.581 8575 49
3.82898 4.97803 699.419 9260 49
6.57079 9.00324 699.419 9471 49
6.62912 9.10046 699.419 9479 49
5.44295 9.78105 699.419 10526 49
4.91793 8.86712 699.419 10538 49
4.80125 9.45048 699.419 10864 49
5.72757 22.6805 700.581 13080 49
3.89969 24.4305 700.581 14128 49
2.23446 20.4955 699.419 14773 49
0.737157 19.8538 699.419 15797 49
-1.14905 13.4562 699.419 17672 49
-1.16849 9.85884 699.419 18120 49
-3.26683 8.57367 688.081 20904 48
-9.95783 21.1761 699.419 21624 49
-2.62513 5.52074 688.081 21663 48
-5.01692 6.35689 688.081 23610 48
-11.1617 13.7462 688.081 23725 48
-4.82247 5.92909 688.081 23732 48
-4.453 4.54846 688.081 24489 48
-3.92798 3.94566 688.081 24557 48
-19.776 14.9712 686.919 25708 48
-9.78105 5.20961 688.081 27074 48
-29.1487 13.4934 686.919 27583 48
-18.4343 7.56251 688.081 28001 48
-29.5376 10.9266 686.919 28343 48
-23.6457 8.65145 686.919 28379 48
-12.0173 3.71231 688.081 28901 48
-11.0839 2.70115 688.081 29557 48
-28.2737 6.41911 686.919 29736 48
-21.7789 4.14011 688.081 30150 48
-21.8956 3.94566 688.081 30266 48
-37.3352 4.06233 686.919 31160 48
-42.4688 3.02524 686.919 31678 48

98 737.5 750
-36.7713 -1.82964 736.919 -31991 50
-16.1008 -2.54912 738.081 -30528 50
-12.834 -3.63806 738.081 -29149 50
-16.4119 -6.12708 738.081 -28314 50
-20.5344 -7.91606 738.081 -28209 50
-10.3626 -8.24487 736.919 -25508 50
-5.90965 -5.03637 736.919 -25229 50
-15.3919 -13.8328 738.081 -25013 50
-20.0783 -23.4194 738.081 -23946 50
-3.98454 -4.90025 736.919 -23731 50
-11.7686 -15.9134 738.081 -23349 50
-3.7512 -6.53366 736.919 -22359 50
-11.7427 -21.3582 738.081 -22196 50
-10.0639 -20.172 738.081 -21837 50
-12.0862 -28.3391 738.081 -21282 50
-1.45664 -10.6172 736.919 -18360 50
-2.40946 -23.354 736.919 -17916 50
-0.756605 -11.395 736.919 -17404 50
-0.678822 -11.4728 736.919 -17299 50
-0.484368 -19.3677 736.919 -16783 50
-0.173242 -15.0897 736.919 -16569 50
3.0547 -11.9395 736.919 -13046 50
4.35755 -12.8923 736.919 -12245 50
3.92798 -10.5571 750.581 -11941 51
13.7497 -35.7018 736.919 -11828 50
11.1829 -25.0457 736.919 -11326 50
6.22254 -12.6767 750.581 -10989 51
4.84191 -7.97086 750.581 -10192 51
5.05581 -8.18476 750.581 -10127 51
17.5787 -21.4854 749.419 -9011 51
20.8066 -25.3356 749.419 -8996 51
14.5257 -12.4044 750.581 -7546 51
5.05581 -3.59564 750.581 -6809 51
21.1177 -14.1351 749.419 -6569 51
10.9672 -7.32916 750.581 -6563 51
14.7202 -9.64317 750.581 -6484 51
23.4706 -14.3101 749.419 -6205 51
25.7069 -14.7184 749.419 -5965 51
5.48361 -3.09006 750.581 -5904 51
14.1952 -7.67918 750.581 -5751 51
11.3691 -5.8902 750.581 -5591 51
12.1728 -5.42351 750.581 -5049 51
6.66978 -2.83727 750.581 -4889 51
24.754 -8.82646 749.419 -4306 51
31.5016 -9.54594 749.419 -3810 51
6.26143 -1.45664 750.581 -3092 51
26.0763 -5.71519 749.419 -2945 51
34.4573 -1.83258 749.419 -827 51
7.62261 -0.251022 750.581 -522 51
33.4364 -0.571872 749.419 -275 51
9.11991 0.390675 750.581 673 51
11.9492 0.964317 750.581 1223 51
16.4897 2.93803 750.581 2477 51
24.4429 4.74645 750.581 2664 51
32.9017 13.7497 750.581 4828 51
35.4296 17.0554 750.581 5324 51
12.3655 7.17537 749.419 6016 51
8.49589 4.97803 749.419 6053 51
6.39578 4.04465 749.419 6347 51
4.25678 3.53907 749.419 7437 51
12.1322 10.5978 749.419 7638 51
23.7729 20.8137 750.581 7648 51
16.0531 15.0384 750.581 7924 51
8.61256 8.67266 749.419 8220 51
8.0292 8.16708 749.419 8261 51
15.742 17.2552 750.581 8567 51
4.08177 5.30861 749.419 9262 51
7.09582 9.8005 749.419 9503 51
7.01803 9.72272 749.419 9515 51
5.85131 10.5005 749.419 10521 51
5.22905 9.41159 749.419 10532 51
5.11238 10.1505 749.419 10896 51
6.31093 24.1972 750.581 12994 51
4.17193 26.1806 750.581 14132 51
2.39002 21.74 749.419 14761 51
0.095459 21.5455 749.419 16311 51
-1.22683 14.5452 749.419 17658 51
-1.30461 10.5005 749.419 18194 51
-3.50018 9.19592 738.081 20900 50
-9.64671 24.4818 749.419 21015 51
-10.5704 22.4886 749.419 21622 51
-2.83903 5.8902 738.081 21712 50
-5.36694 6.78469 738.081 23620 50
-11.9784 14.7184 738.081 23735 50
-5.1336 6.24022 738.081 23778 50
-4.80302 4.89848 738.081 24495 50
-4.16132 4.179 738.081 24558 50
-21.215 16.0602 736.919 25708 50
-10.3839 5.50129 738.081 27093 50
-30.9377 14.3101 736.919 27586 50
-19.4454 8.18476 736.919 27914 50
-31.346 11.6072 736.919 28340 50
-25.1235 9.19592 736.919 28377 50
-11.745 3.98455 738.081 28617 50
-11.9006 2.8956 738.081 29561 50
-23.2567 4.45124 736.919 30135 50
-23.4706 4.23734 736.919 30262 50
-39.9993 4.35401 736.919 31159 50

