84 -287.5 -275
-24.404 -0.585131 -286.919 -32384 0
-26.4069 -7.64382 -286.919 -29090 0
-22.7512 -7.25491 -286.919 -28806 0
-5.4624 -2.02232 -288.081 -28341 0
-19.9899 -8.69388 -286.919 -27802 0
-6.59023 -2.99459 -288.081 -27649 0
-5.11238 -2.5279 -288.081 -27347 0
-18.9399 -11.6885 -286.919 -26515 0
-8.92369 -6.10587 -288.081 -26111 0
-5.42351 -5.01692 -288.081 -24895 0
-19.3005 -20.697 -286.919 -24289 0
-2.07889 -5.40583 -288.081 -20934 0
-8.39159 -23.0499 -286.919 -20756 0
-8.50826 -31.6059 -286.919 -19859 0
-5.47478 -35.495 -286.919 -18573 0
-0.89272 -6.63089 -288.081 -18328 0
0.0601053 -7.31149 -288.081 -16250 0
0.526794 -18.2787 -288.081 -15925 0
1.35647 -9.17825 -288.081 -14274 0
7.09935 -29.9849 -288.081 -13247 0
9.28431 -38.0035 -286.919 -13167 0
2.5668 -5.4624 -274.419 -11146 1
2.80014 -4.91793 -274.419 -10439 1
2.9946 -5.19016 -274.419 -10389 1
5.21138 -8.80701 -274.419 -10293 1
5.0947 -8.30143 -274.419 -10152 1
14.7025 -23.8207 -288.081 -10130 0
14.6053 -22.5567 -288.081 -9944 0
4.90025 -7.32916 -274.419 -9819 1
7.54483 -9.97374 -274.419 -9327 1
6.61145 -8.28847 -274.419 -9114 1
20.7094 -21.0382 -275.581 -8256 1
8.61433 -7.50417 -274.419 -7627 1
24.404 -21.0382 -275.581 -7585 1
13.2618 -10.6349 -274.419 -7291 1
9.81995 -7.46528 -274.419 -7076 1
15.2647 -10.9395 -274.419 -6839 1
30.1793 -15.8852 -275.581 -5649 1
30.2377 -15.3212 -275.581 -5509 1
13.8257 -4.62625 -274.419 -4107 1
17.5787 -3.82898 -274.419 -2930 1
9.17825 -1.80666 -274.419 -2694 1
17.812 -3.36229 -274.419 -2601 1
22.3234 -1.80666 -274.419 -1226 1
29.4987 -1.67054 -275.581 -878 1
34.1773 0.433455 -275.581 205 1
33.5434 0.896257 -275.581 426 1
13.6701 1.1296 -274.419 1250 1
15.3619 4.92146 -274.419 3975 1
7.1736 3.57796 -275.581 5452 1
31.7155 20.8084 -274.419 6490 1
11.1016 7.35038 -275.581 6526 1
23.0428 15.5581 -274.419 6603 1
7.05693 6.33921 -275.581 7753 1
16.3837 27.0362 -274.419 10201 1
11.9307 21.4165 -274.419 10522 1
10.4074 32.3643 -274.419 12397 1
1.20385 6.82535 -275.581 13927 1
0.160276 7.68743 -275.581 16049 1
0.224506 30.7892 -274.419 16265 1
-0.0989962 11.6284 -275.581 16522 1
-0.332341 25.4735 -275.581 16595 1
-0.332341 8.67266 -275.581 16988 1
-0.837923 10.4228 -275.581 17603 1
-1.7713 17.8898 -275.581 17860 1
-1.63519 15.848 -275.581 17916 1
-1.88797 12.3284 -275.581 18559 1
-1.76305 8.8848 -286.919 19096 0
-2.80191 10.4811 -275.581 19840 1
-2.95747 10.3644 -275.581 20021 1
-3.38351 10.4793 -286.919 20382 0
-7.25315 13.61 -286.919 22079 0
-6.3781 11.2182 -286.919 22322 0
-3.65574 6.24022 -286.919 22436 0
-17.2481 18.1603 -288.081 24364 0
-5.5225 5.61796 -286.919 24505 0
-11.3367 11.3155 -286.919 24583 0
-23.7234 19.9817 -288.081 25277 0
-27.0992 17.7519 -288.081 26283 0
-7.25315 4.74292 -286.919 26290 0
-9.41159 5.69574 -286.919 26590 0
-16.1397 6.90136 -286.919 27860 0
-21.6233 7.95142 -288.081 28363 0
-16.8592 6.1041 -286.919 28412 0

75 -262.5 -250
-22.44 -1.03238 -261.919 -32047 2
-19.439 -4.90202 -261.919 -29468 2
-24.6179 -7.09935 -261.919 -29100 2
-21.2733 -6.78823 -261.919 -28804 2
-18.6482 -8.05218 -261.919 -27826 2
-6.12354 -2.76125 -263.081 -27676 2
-8.34032 -5.67807 -263.081 -26131 2
-5.05404 -4.68635 -263.081 -24885 2
-18.056 -19.2969 -261.919 -24303 2
-7.78878 -21.4748 -261.919 -20744 2
-7.90545 -29.4475 -261.919 -19851 2
-8.79995 -36.02 -261.919 -19600 2
-5.24143 -33.2782 -261.919 -18613 2
0.487904 -17.0731 -263.081 -15928 2
8.30497 -33.6795 -263.081 -13143 2
6.80767 -27.3597 -263.081 -13119 2
6.9049 -16.0697 -263.081 -11459 2
2.41123 -5.07349 -249.419 -11105 3
11.1699 -20.0288 -263.081 -10518 2
2.76125 -4.72347 -249.419 -10339 3
4.72524 -7.69863 -249.419 -10152 3
13.0626 -21.1955 -263.081 -10136 2
6.7346 -10.6543 -249.419 -10038 3
4.62801 -6.82358 -249.419 -9762 3
7.0198 -9.29315 -249.419 -9333 3
6.18365 -7.67918 -249.419 -9075 3
8.24487 -8.57367 -249.419 -8352 3
19.3093 -19.5603 -250.581 -8244 3
7.99207 -6.9597 -249.419 -7626 3
22.7123 -19.5668 -250.581 -7582 3
10.6755 -9.13759 -249.419 -7556 3
9.1588 -6.9597 -249.419 -7074 3
28.1375 -14.8545 -250.581 -5660 3
28.2348 -14.6406 -250.581 -5594 3
12.1728 -4.10122 -249.419 -4128 3
16.3244 -3.60536 -249.419 -2963 3
16.5675 -3.12895 -249.419 -2602 3
20.7288 -1.68999 -249.419 -1235 3
27.3597 -1.51498 -250.581 -859 3
29.4793 0.915704 -250.581 493 3
12.7368 1.05182 -249.419 1249 3
41.3216 9.29669 -250.581 3009 3
14.3118 4.57145 -249.419 3966 3
6.72635 3.32517 -250.581 5420 3
29.4598 19.3305 -249.419 6491 3
10.3238 6.8059 -250.581 6509 3
6.55134 5.91141 -250.581 7771 3
15.2753 25.1111 -249.419 10187 3
10.375 19.3553 -249.419 10666 3
9.18885 28.553 -249.419 12395 3
9.05922 36.8756 -249.419 13152 3
1.12607 6.35866 -250.581 13919 3
0.163518 7.12675 -250.581 16016 3
0.205061 28.6696 -249.419 16267 3
-0.0795498 10.6367 -250.581 16505 3
-0.351786 23.7429 -250.581 16623 3
-0.29345 7.93374 -250.581 16968 3
-0.79903 9.68383 -250.581 17632 3
-1.44073 14.7591 -250.581 17841 3
-1.69352 16.6453 -250.581 17897 3
-1.70324 11.2103 -250.581 18544 3
-1.63342 8.30143 -261.919 19077 2
-2.08243 10.1116 -250.581 19181 3
-6.72812 12.6572 -261.919 22070 2
-5.96975 10.4988 -261.919 22323 2
-3.38351 5.81242 -261.919 22412 2
-15.4008 16.1185 -263.081 24389 2
-5.15304 5.2485 -261.919 24500 2
-10.5978 10.5377 -261.919 24599 2
-22.1095 18.627 -263.081 25276 2
-6.74757 4.43179 -261.919 26272 2
-8.78934 5.30684 -261.919 26599 2
-15.0508 6.43467 -261.919 27861 2
-15.7897 5.54018 -261.919 28512 2
-19.9899 6.318 -261.919 28833 2

71 -237.5 -225
-20.5344 -1.46017 -236.919 -31680 4
-39.4548 -9.41336 -238.081 -29611 4
-22.8484 -6.57433 -236.919 -29107 4
-19.7371 -6.30209 -236.919 -28802 4
-17.287 -7.46881 -236.919 -27824 4
-5.69574 -2.5668 -238.081 -27678 4
-16.4102 -10.17 -238.081 -26499 4
-7.71807 -5.28916 -238.081 -26105 4
-4.68458 -4.35578 -238.081 -24873 4
-16.7531 -17.8385 -236.919 -24318 4
-16.8115 -29.7197 -236.919 -22303 4
-12.386 -26.4059 -236.919 -21615 4
-12.0376 -26.3654 -236.919 -21519 4
-7.22486 -19.9386 -236.919 -20741 4
-7.33505 -27.2696 -236.919 -19856 4
-7.4971 -33.006 -236.919 -19416 4
-5.02753 -31.0809 -236.919 -18665 4
0.449013 -15.8675 -238.081 -15933 4
7.24195 -29.1682 -238.081 -13125 4
6.49654 -24.754 -238.081 -12978 4
7.7605 -17.4231 -238.081 -11335 4
4.34281 -7.13471 -224.419 -10184 5
10.5978 -17.2269 -225.581 -10143 5
4.31689 -6.35689 -224.419 -9757 5
6.49477 -8.61256 -224.419 -9340 5
5.71696 -7.13471 -224.419 -9095 5
17.8704 -18.0825 -225.581 -8240 5
7.40871 -6.45412 -224.419 -7627 5
21.0011 -18.089 -225.581 -7581 5
8.43932 -6.43467 -224.419 -7087 5
26.0374 -13.7656 -225.581 -5666 5
10.5589 -3.5373 -224.419 -4111 5
15.1285 -3.3234 -224.419 -2950 5
15.3424 -2.87616 -224.419 -2586 5
19.2121 -1.57331 -224.419 -1240 5
25.1624 -1.37886 -224.419 -851 5
25.3374 0.857367 -224.419 536 5
11.8131 0.905979 -224.419 1167 5
35.799 8.09107 -225.581 3020 5
13.2035 4.24087 -224.419 3983 5
6.24022 3.03349 -225.581 5359 5
27.1847 17.8332 -224.419 6490 5
9.54594 6.33921 -225.581 6538 5
6.08465 5.44472 -225.581 7737 5
14.1669 23.186 -224.419 10170 5
8.90424 17.4037 -225.581 10838 5
7.96379 24.7222 -224.419 12392 5
8.37214 34.1144 -224.419 13155 5
0.212132 26.6791 -225.581 16254 5
-0.0601044 9.64494 -225.581 16485 5
-0.33234 21.9733 -225.581 16628 5
-2.46544 46.0928 -224.419 17215 5
-0.721249 8.98379 -225.581 17601 5
-1.24627 13.5535 -225.581 17763 5
-1.59629 15.3813 -225.581 17924 5
-1.18794 9.87828 -225.581 18142 5
-1.57685 10.2283 -225.581 18572 5
-1.50378 7.71807 -236.919 19055 4
-2.45012 9.07925 -236.919 19865 4
-6.18365 11.7238 -236.919 22041 4
-5.58084 9.75984 -236.919 22344 4
-3.13072 5.40406 -236.919 22393 4
-13.4174 14.1351 -238.081 24362 4
-4.74469 4.91793 -236.919 24429 4
-9.83939 9.77929 -236.919 24601 4
-20.5149 17.2658 -238.081 25280 4
-6.22254 4.14011 -236.919 26222 4
-8.10875 4.89848 -236.919 26597 4
-13.9618 5.8902 -236.919 27906 4
-14.3896 5.07349 -236.919 28497 4
-18.4537 4.70403 -236.919 29439 4

77 -212.5 -200
-18.6287 -1.88798 -211.919 -31260 6
-33.5239 -7.99384 -211.919 -29613 6
-21.0789 -6.0493 -211.919 -29114 6
-18.2398 -5.85485 -211.919 -28786 6
-15.9064 -6.866 -211.919 -27828 6
-5.2485 -2.39179 -213.081 -27638 6
-15.1462 -9.3727 -213.081 -26504 6
-7.1347 -4.86136 -213.081 -26128 6
-4.33456 -4.00576 -213.081 -24898 6
-15.4308 -16.4385 -211.919 -24316 6
-15.5281 -27.3474 -211.919 -22317 6
-11.0815 -24.275 -211.919 -21519 6
-6.66802 -18.4732 -213.081 -20729 6
-6.73873 -25.0917 -211.919 -19852 6
-6.09703 -29.8947 -211.919 -19159 6
-4.75529 -28.8641 -211.919 -18701 6
-3.61449 -34.6977 -211.919 -17929 6
0.410122 -14.6619 -213.081 -15938 6
6.18542 -24.6374 -213.081 -13096 6
6.20486 -22.1678 -213.081 -12800 6
4.3381 -14.8563 -213.081 -12681 6
3.98631 -6.57079 -199.419 -10197 7
8.90601 -14.4462 -199.419 -10135 7
4.00576 -5.8902 -199.419 -9751 7
5.96975 -7.93197 -199.419 -9348 7
5.25027 -6.51245 -199.419 -9071 7
16.4508 -16.6241 -200.581 -8234 7
6.82535 -5.90965 -199.419 -7602 7
19.2704 -16.6435 -200.581 -7592 7
7.75873 -5.90965 -199.419 -7083 7
25.1818 -18.1603 -200.581 -6864 7
8.92546 -2.99283 -199.419 -4114 7
13.9229 -3.05117 -199.419 -2945 7
14.0979 -2.64281 -199.419 -2586 7
17.637 -1.43719 -199.419 -1234 7
23.0428 -1.24274 -199.419 -838 7
21.4872 0.818476 -199.419 601 7
10.9089 0.857368 -199.419 1193 7
30.0238 6.77526 -199.419 3016 7
12.134 3.87141 -199.419 3962 7
5.77353 2.80014 -200.581 5350 7
24.9874 16.297 -199.419 6467 7
8.74868 5.81419 -200.581 6541 7
25.9119 20.1525 -199.419 7167 7
5.57907 5.01692 -200.581 7757 7
13.039 21.3193 -199.419 10166 7
15.0614 29.603 -199.419 10859 7
14.5752 29.1558 -199.419 10923 7
7.34861 15.3424 -200.581 11077 7
6.74845 20.8817 -199.419 12382 7
7.67211 31.3142 -199.419 13159 7
0.192686 24.5985 -200.581 16256 7
-0.0601053 8.63377 -200.581 16497 7
-0.358856 46.6178 -199.419 16509 7
-0.312896 20.2427 -200.581 16633 7
-0.293451 9.64494 -200.581 16867 7
-2.22562 41.3286 -199.419 17221 7
-0.643468 8.28376 -200.581 17564 7
-1.18794 12.5358 -200.581 17802 7
-1.49907 14.1174 -200.581 17956 7
-5.0841 47.7262 -199.419 17961 7
-1.40184 9.1588 -200.581 18558 7
-1.38063 7.11526 -211.919 19046 6
-2.21678 8.22365 -211.919 19862 6
-5.65862 10.8099 -211.919 22013 6
-5.17249 9.00147 -211.919 22362 6
-2.89737 4.97626 -211.919 22413 6
-11.3756 12.0544 -211.919 24338 6
-4.36874 4.56791 -211.919 24393 6
-9.06157 9.00147 -211.919 24603 6
-18.8815 15.9046 -213.081 25277 6
-5.75585 3.82898 -211.919 26222 6
-7.46705 4.52902 -211.919 26582 6
-12.834 5.38462 -211.919 27925 6
-13.1062 4.72347 -211.919 28427 6
-16.8981 3.14839 -211.919 30194 6
-41.7494 1.98167 -213.081 32025 6

85 -137.5 -125
-33.3295 -1.36943 -138.081 -32121 8
-12.3284 -1.65463 -136.919 -30829 8
-35.8963 -6.06226 -138.081 -30400 8
-39.6104 -8.79111 -138.081 -29792 8
-16.6842 -3.98808 -136.919 -29607 8
-12.7951 -3.21026 -136.919 -29481 8
-15.7119 -4.49366 -136.919 -29124 8
-13.7674 -4.41588 -136.919 -28789 8
-11.8988 -5.07526 -138.081 -27869 8
-25.1235 -14.9942 -136.919 -26644 8
-11.2766 -6.98091 -138.081 -26503 8
-5.28739 -3.6363 -138.081 -26091 8
-11.646 -12.3284 -138.081 -24342 8
-8.93665 -10.1376 -138.081 -24060 8
-5.79297 -7.13647 -138.081 -23724 8
-11.6195 -20.2109 -136.919 -22364 8
-8.28847 -18.1231 -138.081 -21525 8
-4.97626 -13.8257 -138.081 -20720 8
-5.0346 -18.7843 -138.081 -19847 8
-9.01384 -36.8951 -136.919 -19600 8
0.332342 -11.0839 -138.081 -15907 8
1.07127 -12.3673 -138.081 -15077 8
1.96399 -8.2431 -124.419 -13231 9
2.83432 -10.5783 -138.081 -12921 8
8.32442 -30.5099 -138.081 -12871 8
2.19733 -8.00975 -124.419 -12856 9
4.81775 -16.1397 -138.081 -12617 8
3.07886 -9.44871 -124.419 -12357 9
2.76125 -6.90136 -124.419 -11702 9
9.52614 -21.6622 -138.081 -11379 8
2.95571 -4.84015 -124.419 -10172 9
4.00576 -6.51245 -124.419 -10144 9
2.97515 -4.35401 -124.419 -9733 9
4.35578 -5.85131 -124.419 -9392 9
3.8502 -4.80126 -124.419 -9092 9
12.0367 -12.1322 -124.419 -8224 9
5.01692 -4.33456 -124.419 -7594 9
14.0785 -12.1516 -124.419 -7590 9
5.71696 -4.33456 -124.419 -7065 9
11.0709 -8.10698 -124.419 -6925 9
24.7929 -14.0767 -125.581 -5933 9
28.5848 -10.6867 -125.581 -4458 9
10.2283 -2.23446 -124.419 -2937 9
10.3255 -1.90388 -124.419 -2550 9
41.0299 -4.64569 -125.581 -1666 9
12.9701 -1.04829 -124.419 -1225 9
16.7036 -0.776051 -124.419 -727 9
13.4174 -0.108423 -124.419 -131 9
9.78105 0.429567 -124.419 689 9
8.10875 0.585131 -124.419 1102 9
13.4757 3.03526 -124.419 3011 9
38.9103 8.86889 -125.581 3041 9
8.96258 2.87793 -125.581 3982 9
24.8318 10.1717 -124.419 4761 9
14.9323 9.85884 -125.581 6515 9
6.41523 4.25855 -125.581 6536 9
13.435 9.06157 -125.581 6599 9
4.10122 3.69463 -125.581 7764 9
10.071 13.009 -125.581 9234 9
16.4031 22.4666 -124.419 9469 9
9.66261 15.7119 -125.581 10144 9
11.0556 21.786 -124.419 10868 9
3.1808 9.56715 -125.581 12295 9
2.70115 9.21714 -125.581 12670 9
2.35113 8.9449 -125.581 12973 9
5.64978 22.9916 -124.419 13152 9
5.66923 30.2447 -124.419 13797 9
0.095459 18.2787 -125.581 16298 9
-0.293451 15.0119 -125.581 16698 9
-1.4861 27.3014 -125.581 17229 9
-0.935148 9.1588 -125.581 17901 9
-1.1296 10.3644 -125.581 17994 9
-3.5155 31.8976 -124.419 18010 9
-1.01116 6.47356 -136.919 18597 8
-7.51478 39.8897 -124.419 18981 9
-4.12243 8.0292 -136.919 21942 8
-3.90853 6.80414 -136.919 22361 8
-16.7036 22.2438 -138.081 23410 8
-17.2481 20.0659 -138.081 23957 8
-5.61973 5.94854 -136.919 24343 8
-6.76701 6.70691 -136.919 24612 8
-14.0396 11.8016 -136.919 25285 8
-5.60029 3.36229 -136.919 26621 8
-31.1127 1.49553 -138.081 32016 8
-44.6467 0.0176773 -138.081 32761 8

58 -62.5 -50
-29.3821 -0.00176859 -63.081 -32767 10
-36.0713 -3.03526 -63.081 -31496 10
-23.3929 -3.96864 -61.919 -30391 10
-25.911 -6.86277 -61.919 -29337 10
-10.3644 -2.95747 -61.919 -29130 10
-9.3126 -2.9946 -63.081 -28781 10
-8.14587 -2.91682 -63.081 -28448 10
-7.83474 -3.30573 -63.081 -27906 10
-7.36805 -4.62801 -63.081 -26447 10
-18.7949 -15.0319 -61.919 -25487 10
-7.91253 -8.20597 -63.081 -24426 10
-7.8153 -13.2035 -63.081 -22475 10
-5.4624 -11.9006 -63.081 -21538 10
-3.28451 -9.17825 -63.081 -20701 10
-3.28451 -12.3673 -63.081 -19822 10
-4.71051 -19.3677 -63.081 -19589 10
0.25456 -7.50594 -63.081 -15846 10
4.78535 -16.2369 -63.081 -12654 10
3.19082 -10.6755 -63.081 -12613 10
2.89737 -9.68206 -49.419 -12610 11
9.02445 -28.5265 -63.081 -12446 10
16.937 -23.0994 -50.581 -9452 11
7.68095 -7.69862 -49.419 -8201 11
8.9449 -7.71807 -49.419 -7588 11
19.776 -13.4934 -50.581 -6645 11
15.673 -8.89776 -49.419 -5933 11
30.0626 -15.3796 -50.581 -5545 11
18.0843 -6.66802 -49.419 -4413 11
25.2791 -6.96618 -50.581 -3539 11
6.53367 -1.41775 -49.419 -2921 11
6.57256 -1.2233 -49.419 -2570 11
26.2125 -3.10302 -50.581 -1734 11
8.28376 -0.678823 -49.419 -1240 11
10.52 -0.387142 -49.419 -581 11
24.579 5.58261 -49.419 3032 11
5.73463 1.82787 -50.581 3960 11
11.7627 7.42816 -50.581 6341 11
8.59311 5.7753 -50.581 6585 11
18.1921 21.9999 -49.419 8968 11
16.3642 20.4053 -49.419 9092 11
10.5377 14.4091 -50.581 9463 11
6.20132 9.99495 -50.581 10110 11
7.09582 14.0785 -50.581 10893 11
3.65397 14.7591 -50.581 13132 11
2.72059 14.6035 -50.581 13811 11
0.0371237 12.0367 -50.581 16333 11
-0.157331 9.81994 -50.581 16642 11
-0.734215 13.0673 -50.581 17255 11
-0.777817 7.1736 -61.919 17986 10
-1.82316 15.323 -50.581 18126 11
-4.10476 22.6345 -50.581 18899 11
-11.5912 25.9597 -50.581 21441 11
-2.58624 5.2485 -61.919 21792 10
-2.66402 4.58735 -61.919 22403 10
-8.63377 11.3738 -61.919 23454 10
-4.47245 4.41235 -61.919 24631 10
-9.21714 7.75696 -61.919 25280 10
-20.301 1.02884 -61.919 31977 10

58 -37.5 -25
-24.054 -0.00176811 -36.919 -32766 12
-29.9071 -2.51023 -38.081 -31499 12
-29.596 -2.51023 -36.919 -31487 12
-19.3093 -3.2686 -36.919 -30396 12
-8.69034 -2.45013 -38.081 -29164 12
-21.4094 -6.22431 -36.919 -29077 12
-7.83474 -2.5279 -38.081 -28771 12
-6.82358 -2.45012 -38.081 -28439 12
-6.47356 -2.72236 -38.081 -27917 12
-14.5045 -8.65322 -38.081 -26645 12
-6.08465 -3.81131 -38.081 -26457 12
-15.567 -12.6077 -36.919 -25436 12
-6.59023 -6.88368 -38.081 -24397 12
-18.8532 -22.661 -36.919 -23824 12
-6.4606 -10.8506 -38.081 -22498 12
-4.54846 -9.81994 -38.081 -21570 12
-2.70115 -7.58372 -38.081 -20686 12
-2.72059 -10.2477 -38.081 -19821 12
-3.27155 -13.4174 -38.081 -19595 12
2.37234 -7.83474 -24.419 -12576 13
7.39103 -23.8207 -38.081 -12504 12
3.57973 -11.4534 -38.081 -12482 12
2.87792 -8.8848 -24.419 -12375 13
13.7479 -18.7436 -25.581 -9451 13
6.22254 -6.24022 -24.419 -8203 13
7.25315 -6.25966 -24.419 -7589 13
16.3731 -11.1794 -25.581 -6647 13
12.6979 -7.19304 -24.419 -5924 13
24.2874 -12.4822 -25.581 -5561 13
14.6424 -5.36517 -24.419 -4393 13
15.7119 -4.3216 -24.419 -3534 13
36.1491 -8.20421 -25.581 -3030 13
21.0205 -2.52614 -24.419 -1757 13
6.70868 -0.542706 -24.419 -1226 13
8.47821 -0.328804 -24.419 -611 13
19.8732 4.53255 -24.419 3042 13
9.54594 5.9503 -25.581 6291 13
6.99211 4.6669 -25.581 6558 13
14.5947 17.5728 -24.419 8950 13
13.4863 16.8663 -24.419 9104 13
8.57367 11.6673 -25.581 9444 13
5.07349 8.0893 -25.581 10068 13
5.75408 11.4923 -25.581 10917 13
2.95394 11.9978 -25.581 13147 13
1.74832 9.31437 -25.581 13794 13
0.0176764 9.95607 -25.581 16354 13
-0.137887 8.0893 -25.581 16658 13
-0.449014 8.32265 -25.581 17222 13
-1.16849 9.74216 -25.581 18138 13
-2.99636 16.7814 -25.581 18866 13
-9.54948 21.4678 -25.581 21428 13
-16.7637 34.6712 -25.581 21723 13
-5.9503 7.83474 -36.919 23456 12
-3.69463 3.63453 -36.919 24643 12
-7.64206 6.41523 -36.919 25290 12
-37.0825 6.5319 -38.081 30314 12
-34.9435 4.3929 -38.081 30938 12
-16.762 0.860313 -36.919 31968 12

59 -12.5 0
-18.9593 -0.00176811 -11.919 -32766 14
-23.4512 -1.96576 -11.919 -31500 14
-15.2258 -2.60746 -11.919 -30372 14
-6.90136 -1.98343 -13.081 -29110 14
-40.7771 -12.0968 -13.081 -29019 14
-6.35689 -2.06121 -13.081 -28756 14
-16.9564 -5.58261 -11.919 -28709 14
-5.50129 -1.98343 -13.081 -28426 14
-5.11238 -2.139 -13.081 -27935 14
-11.7627 -7.07814 -13.081 -26612 14
-4.8207 -3.01404 -13.081 -26465 14
-12.5016 -10.3061 -13.081 -25364 14
-5.30684 -5.60028 -13.081 -24355 14
-14.8669 -17.8969 -11.919 -23818 14
-5.15127 -8.55599 -13.081 -22541 14
-3.59564 -7.77818 -13.081 -21563 14
-2.13723 -6.04753 -13.081 -20662 14
-2.13723 -8.10875 -13.081 -19801 14
-1.8261 -7.48649 -13.081 -19596 14
1.82787 -6.04576 0.581 -12580 15
5.79651 -19.0371 -13.081 -12559 14
10.3856 -27.632 -13.081 -11908 14
10.4033 -14.1545 0.581 -9443 15
4.80302 -4.74292 0.581 -8140 15
5.54195 -4.78181 0.581 -7588 15
12.7562 -8.72923 0.581 -6656 15
9.70327 -5.52074 0.581 -5941 15
27.4472 -14.5337 -0.581 -5672 15
18.5315 -9.60428 -0.581 -5592 15
11.2006 -4.11418 0.581 -4401 15
6.57256 -1.80666 0.581 -3532 15
29.0126 -7.87363 -0.581 -3497 15
28.857 -7.40694 -0.581 -3346 15
16.023 -1.91037 0.581 -1745 15
40.9521 -3.90676 -0.581 -1426 15
15.2258 3.46305 0.581 3035 15
7.40694 4.51134 -0.581 6201 15
5.38462 3.57796 -0.581 6540 15
30.2182 22.7076 0.581 7029 15
11.0238 13.6507 -0.581 9064 15
10.7127 13.4951 -0.581 9133 15
6.59024 8.9449 -0.581 9433 15
3.88732 6.20309 -0.581 10072 15
4.41235 8.86712 -0.581 10940 15
2.2539 9.19769 -0.581 13159 15
0.0176764 7.85596 -0.581 16347 15
-0.116673 7.13471 -11.919 16647 14
-0.797263 6.72635 -11.919 18120 14
-1.84584 10.9381 -0.581 18749 15
-7.5466 16.9759 -0.581 21426 15
-13.2636 27.4375 -0.581 21723 15
-17.5091 28.0792 -0.581 22676 15
-3.24739 4.27623 -11.919 23455 14
-6.06698 5.07349 -11.919 25306 14
-32.365 13.8706 -13.081 27852 14
-27.6125 3.41415 -13.081 30965 14
-28.157 3.07709 -13.081 31153 14
-32.6739 1.78999 -13.081 31917 14
-13.2229 0.717712 -11.919 31924 14

49 12.5 25
-13.884 -0.0212135 13.081 -32743 16
-18.8426 -0.507349 13.081 -32338 16
-17.287 -1.44073 13.081 -31507 16
-11.1422 -1.90742 13.081 -30373 16
-29.4987 -8.75221 13.081 -29019 16
-12.5618 -4.99924 13.081 -28103 16
-9.02091 -5.42527 11.919 -26614 16
-9.56539 -7.91429 11.919 -25349 16
-4.02344 -4.31689 11.919 -24287 16
-19.1644 -21.8054 13.081 -24047 16
-11.0432 -13.359 11.919 -23798 16
-3.80954 -6.28088 11.919 -22569 16
-13.415 -27.2307 13.081 -21791 16
-11.0297 -22.9527 13.081 -21701 16
-2.64281 -5.7364 11.919 -21551 16
-11.3927 -29.5382 13.081 -20944 16
-1.57331 -5.98919 11.919 -19792 16
4.16309 -14.2924 11.919 -12688 16
7.21426 -9.79873 25.581 -9436 17
9.33381 -6.39578 25.581 -6661 17
6.72812 -3.79009 25.581 -5903 17
20.2621 -10.6608 24.419 -5648 17
12.6006 -6.55134 25.581 -5604 17
7.73928 -2.85671 25.581 -4417 17
11.1033 -1.35941 25.581 -1787 17
28.7274 -2.79189 24.419 -1451 17
14.5063 0.120209 25.581 134 17
10.5297 2.38383 25.581 3024 17
5.19016 3.15016 24.419 6188 17
6.09243 4.58134 24.419 7032 17
21.2256 16.0107 25.581 7044 17
6.23633 6.3431 24.419 8261 17
7.89308 9.89773 24.419 9115 17
4.6068 6.22254 24.419 9414 17
4.90126 7.58372 24.419 9952 17
3.07061 6.24199 24.419 10981 17
1.59276 6.39755 24.419 13118 17
6.52483 38.334 25.581 14000 17
-1.24451 7.75696 13.081 18649 16
-2.1991 10.0338 24.419 19329 17
-9.6856 20.2038 24.419 21693 17
-12.3107 19.5621 24.419 22712 17
-17.9676 16.663 11.919 24884 16
-4.47245 3.71231 13.081 25336 16
-29.8099 16.1379 11.919 27013 16
-5.54195 2.37057 13.081 27859 16
-25.0263 4.04288 11.919 30489 16
-19.9899 2.45484 13.081 30976 16
-9.64494 0.562151 13.081 31865 16

46 37.5 50
-8.80878 -0.00176811 38.081 -32764 18
-11.1033 -0.93515 38.081 -31495 18
-7.25138 -1.24451 36.919 -30368 18
-10.6075 -2.30605 38.081 -29842 18
-34.2045 -9.2578 38.081 -29278 18
-18.7065 -5.56964 38.081 -29009 18
-10.3821 -3.79186 36.919 -28384 18
-8.35977 -4.49189 36.919 -27041 18
-6.25966 -3.75297 36.919 -26626 18
-6.66802 -5.48361 36.919 -25374 18
-8.84591 -8.24487 36.919 -24864 18
-6.00687 -5.75585 36.919 -24750 18
-8.86146 -9.52826 36.919 -24278 18
-12.4433 -14.2146 36.919 -24031 18
-7.07637 -8.57544 36.919 -23791 18
-14.0502 -23.2055 38.081 -22562 18
-13.9724 -28.7474 38.081 -21742 18
-9.13052 -22.7777 38.081 -21072 18
-7.74989 -19.9581 38.081 -20966 18
-7.28379 -18.7648 36.919 -20965 18
-6.15271 -18.8718 36.919 -20412 18
-1.94219 -28.203 38.081 -17439 18
1.51674 -6.90136 50.581 -13431 19
15.1303 -27.2042 36.919 -10528 18
4.02521 -5.44296 50.581 -9418 19
16.2175 -13.7462 49.419 -7516 19
5.91141 -4.06233 50.581 -6673 19
12.659 -6.60968 50.581 -5620 19
7.00036 -3.62156 50.581 -5586 19
21.1372 -6.86247 49.419 -4015 19
20.3983 -6.60968 50.581 -4009 19
15.848 -1.51498 50.581 -1429 19
9.25603 0.189741 50.581 329 19
6.08465 1.37414 49.419 3018 19
12.5016 9.42455 49.419 7042 19
18.0949 28.6696 50.581 10044 19
11.6973 18.6552 50.581 10069 19
11.4834 19.4136 50.581 10294 19
3.92621 21.7594 49.419 13879 19
3.83302 31.2864 50.581 14595 19
2.3635 34.6394 50.581 15337 19
-4.41411 9.99319 38.081 21403 18
-9.42455 14.9129 38.081 22728 18
-11.2006 10.4404 38.081 24863 18
-19.1343 10.3108 36.919 27030 18
-12.6395 1.53442 38.081 30994 18

33 62.5 75
-14.4285 -0.736805 63.081 -31971 20
-14.448 -3.99456 63.081 -29219 20
-8.44403 -2.54087 61.919 -28978 20
-13.0673 -5.63446 63.081 -27831 20
-23.7429 -14.8192 63.081 -26471 20
-3.97158 -3.92798 61.919 -24621 20
-5.40406 -6.31977 61.919 -23936 20
-4.54846 -6.70868 61.919 -23003 20
-8.26254 -12.6784 61.919 -22848 20
-6.59023 -10.87 61.919 -22568 20
-6.33096 -12.9766 61.919 -21756 20
-5.8902 -14.8563 61.919 -21035 20
-4.14011 -10.5005 61.919 -21017 20
-1.98167 -6.20309 61.919 -20350 20
-2.60392 -20.865 61.919 -18201 20
-0.899202 -13.197 61.919 -17429 20
4.59737 -27.5996 61.919 -14044 20
1.84732 -5.83186 75.581 -12442 21
2.72236 -4.72347 75.581 -10393 21
4.93914 -4.72347 75.581 -8009 21
5.34749 -2.79837 75.581 -5628 21
16.5286 1.00645 75.581 940 21
15.2063 2.86803 75.581 2599 21
4.26456 6.68923 74.419 10005 21
0.944578 6.78646 74.419 14382 21
-2.43068 5.48184 63.081 21417 20
-4.26503 8.84591 63.081 21713 20
-4.0641 6.41523 63.081 22738 20
-4.74469 4.45124 63.081 24837 20
-7.91429 4.27623 63.081 27020 20
-20.5992 8.41811 61.919 28014 20
-17.4814 6.49301 63.081 28330 20
-19.7371 3.42063 63.081 30347 20

29 87.5 100
-8.89305 -1.00213 88.081 -31108 22
-10.345 -1.7713 88.081 -30372 22
-12.4062 -2.709 88.081 -29831 22
-18.8426 -6.76878 88.081 -28437 22
-4.80125 -4.39467 86.919 -24938 22
-3.73175 -4.41411 86.919 -23889 22
-7.15415 -10.5978 86.919 -22986 22
-7.54306 -19.1926 86.919 -21006 22
-7.51655 -19.4914 88.081 -20943 22
-3.07709 -9.72272 86.919 -20322 22
2.64458 -8.41811 100.581 -12467 23
2.59791 -5.38462 100.581 -11051 23
3.88909 -6.78469 100.581 -10414 23
7.3426 -8.40255 100.581 -8743 23
4.62801 -4.93089 100.581 -8451 23
18.6843 -14.4573 99.419 -7147 23
17.6565 -5.33795 100.581 -3803 23
8.61433 -2.40947 100.581 -3581 23
12.7076 -1.44692 100.581 -1674 23
23.8596 1.9852 100.581 1258 23
7.6014 1.17969 99.419 2201 23
7.29027 2.83903 99.419 4592 23
6.43467 4.55023 99.419 6786 23
5.17072 3.75297 99.419 6890 23
4.27623 4.8808 99.419 8732 23
2.6817 14.7591 99.419 13864 23
-0.0341778 7.54483 99.419 16457 23
-1.86028 6.76524 88.081 19917 22
-5.20926 18.6987 99.419 19953 23

44 112.5 125
-6.35689 -0.972271 111.919 -30594 24
-24.5013 -7.86421 113.081 -28786 24
-8.74868 -3.83075 111.919 -27778 24
-19.8061 -20.1914 113.081 -24497 24
-4.12066 -4.33633 111.919 -24367 24
-3.71231 -5.01692 111.919 -23351 24
-9.75984 -14.4869 111.919 -22978 24
-3.69286 -6.1642 111.919 -22522 24
-4.15956 -13.2423 111.919 -20300 24
-6.89429 -26.0251 113.081 -19815 24
-6.79706 -25.8889 113.081 -19791 24
-1.00939 -6.28088 111.919 -18652 24
-3.65079 -23.6527 113.081 -18574 24
-3.48674 -22.8056 111.919 -18556 24
-2.88853 -34.3477 113.081 -17654 24
6.7785 -14.3216 111.919 -11120 24
3.05293 -6.33744 125.581 -11057 25
5.0947 -8.84591 125.581 -10396 25
5.7364 -8.2431 125.581 -9660 25
16.4119 -18.9964 124.419 -8789 25
11.1033 -11.7433 125.581 -8421 25
8.78934 -4.34753 125.581 -5422 25
11.1033 -4.8207 125.581 -4959 25
6.92258 -2.23446 125.581 -3997 25
19.8732 -5.605 125.581 -3604 25
29.6737 -3.33896 124.419 -1657 25
30.7238 2.57505 124.419 1266 25
12.5618 1.83612 125.581 2089 25
19.7177 3.02877 125.581 2181 25
18.7065 7.3327 125.581 4613 25
10.071 5.23082 124.419 5600 25
12.9878 7.29204 124.419 5891 25
15.8197 11.3049 125.581 6828 25
15.3796 11.0061 124.419 6834 25
9.64317 10.4811 124.419 8533 25
10.1876 11.7256 124.419 8766 25
3.45952 4.68635 124.419 9425 25
7.21249 12.4645 124.419 10378 25
6.62912 17.0342 124.419 11794 25
0.108422 19.1732 124.419 16291 25
-9.34854 28.5653 124.419 20423 25
-3.40295 6.68746 113.081 21909 24
-4.64746 3.88732 113.081 25305 24
-8.01152 0.821423 113.081 31244 24

50 137.5 150
-12.0562 -1.90094 138.081 -30536 26
-30.0626 -8.99204 138.081 -28995 26
-5.96798 -1.87973 136.919 -28843 26
-16.5675 -7.1901 138.081 -27809 26
-5.20961 -5.50306 136.919 -24351 26
-4.68458 -6.37811 136.919 -23321 26
-3.77065 -5.23082 136.919 -23247 26
-12.4751 -18.5386 138.081 -22974 26
-6.76524 -11.2589 136.919 -22533 26
-5.13183 -16.7036 136.919 -20234 26
-5.98036 -32.1504 138.081 -18953 26
-1.88444 -11.5117 136.919 -18688 26
-0.302877 -11.4339 136.919 -16806 26
1.53619 -8.08753 150.581 -13768 27
3.79363 -12.1339 136.919 -12481 26
16.0287 -34.0295 136.919 -11137 26
4.79654 -9.89596 150.581 -11035 27
6.24198 -10.9266 150.581 -10427 27
8.96435 -12.9489 150.581 -9681 27
17.2675 -18.1408 149.419 -8394 27
15.6925 -7.77641 150.581 -5428 27
19.3482 -8.47644 149.419 -4991 27
12.3673 -3.98455 150.581 -3992 27
30.6071 -8.63849 149.419 -3606 27
37.2769 3.42416 149.419 1378 27
22.4011 3.27508 150.581 2089 27
31.3072 4.89553 150.581 2215 27
7.40694 1.40007 149.419 2604 27
7.1736 1.36118 149.419 2613 27
7.3875 1.76954 149.419 3166 27
29.5571 11.5977 150.581 4617 27
16.1592 8.44109 150.581 5621 27
24.0346 13.4386 150.581 5875 27
32.1822 20.0889 150.581 6296 27
16.442 18.9275 150.581 8767 27
13.9919 16.944 150.581 8973 27
5.4624 7.46704 149.419 9462 27
3.88732 5.34749 149.419 9487 27
2.97338 4.35578 149.419 9737 27
13.3631 23.1082 150.581 10380 27
12.2029 31.5281 150.581 11812 27
1.92333 6.10587 149.419 12459 27
0.230988 31.392 150.581 16264 27
-6.15772 12.035 138.081 21929 26
-3.6363 4.93737 138.081 23332 26
-5.79474 6.04576 138.081 24402 26
-3.79186 3.73176 138.081 24641 26
-8.45877 7.07637 138.081 25304 26
-6.90313 5.13183 138.081 25781 26
-18.7454 1.85851 138.081 31290 26

54 162.5 175
-9.63716 -0.316784 163.081 -32246 28
-17.5009 -2.78246 163.081 -30520 28
-35.5268 -10.0745 163.081 -29148 28
-9.44872 -2.97515 161.919 -28844 28
-24.0151 -10.4634 163.081 -27795 28
-6.29855 -6.66978 161.919 -24341 28
-5.69575 -7.70039 161.919 -23350 28
-5.98743 -8.26431 161.919 -23267 28
-15.0419 -22.4277 163.081 -22961 28
-9.81818 -16.3731 161.919 -22525 28
-6.1041 -20.1649 161.919 -20191 28
-2.75948 -16.7036 161.919 -18706 28
-5.18309 -38.4701 163.081 -18329 28
-0.426031 -16.587 161.919 -16794 28
1.18794 -10.695 161.919 -14746 28
1.82964 -9.70327 161.919 -13784 28
4.59089 -14.6813 161.919 -12481 28
6.51422 -13.4934 175.581 -11049 29
7.40871 -12.9878 175.581 -10432 29
15.2938 -21.9035 174.419 -9647 29
5.44472 -2.81782 175.581 -5587 29
26.0861 -13.1725 174.419 -5497 29
22.265 -11.0432 174.419 -5432 29
12.2895 -5.65685 175.581 -5164 29
23.1141 -9.44223 174.419 -4751 29
17.8898 -5.92909 175.581 -4078 29
17.812 -5.7476 175.581 -3997 29
43.6161 0.942927 174.419 346 29
43.655 3.73529 174.419 1291 29
31.7933 4.62978 174.419 2082 29
42.3133 6.69748 174.419 2238 29
10.0727 1.65463 175.581 2311 29
9.99495 1.88797 175.581 2603 29
10.2575 2.46161 175.581 3170 29
22.0317 11.5135 175.581 5623 29
17.9393 22.6027 175.581 9134 29
7.48472 10.1894 174.419 9445 29
5.30684 7.31148 174.419 9493 29
4.02344 5.95031 174.419 9774 29
2.85671 4.7058 174.419 10195 29
2.29279 7.25315 174.419 12448 29
0.308771 42.9037 175.581 16266 29
-0.507349 9.27547 174.419 17233 29
-2.21678 7.67918 163.081 20054 28
-8.11052 22.2845 174.419 20755 29
-8.21422 22.1289 174.419 20819 29
-10.1134 19.776 174.419 21927 29
-5.23082 7.11526 163.081 23325 28
-8.40043 8.72923 163.081 24418 28
-5.46417 5.40406 163.081 24621 28
-12.2701 10.2654 163.081 25304 28
-10.8117 8.0292 163.081 25785 28
-5.87252 1.84555 163.081 28850 28
-28.857 2.76597 161.919 31334 28

58 187.5 200
-12.6493 -0.0698261 188.081 -32678 30
-12.4742 -0.439289 188.081 -32210 30
-22.9651 -3.73529 188.081 -30475 30
-40.8549 -11.1246 186.919 -29261 30
-13.1062 -4.11772 188.081 -28851 30
-31.4627 -13.7627 188.081 -27782 30
-7.40694 -7.85596 186.919 -24335 30
-6.66802 -9.06157 186.919 -23329 30
-8.18476 -11.2784 186.919 -23273 30
-17.6282 -26.2584 188.081 -22965 30
-2.83726 -4.4919 186.919 -22726 30
-12.9807 -21.6887 188.081 -22518 30
-2.96042 -7.50594 186.919 -21018 30
-2.50669 -6.45588 186.919 -20966 30
-7.12764 -23.7694 188.081 -20163 30
-3.63453 -21.8956 186.919 -18716 30
-0.678822 -21.8178 186.919 -16878 30
1.5574 -14.0202 186.919 -14745 30
2.51023 -13.2618 186.919 -13776 30
1.43896 -6.66802 200.581 -13475 31
5.38815 -17.2287 186.919 -12480 30
7.27436 -15.148 186.919 -11068 30
8.59488 -15.0684 200.581 -10433 31
18.9416 -27.0486 186.919 -9636 30
6.94202 -3.5373 200.581 -5530 31
31.1516 -15.6129 199.419 -5470 31
29.1293 -14.4462 199.419 -5431 31
22.9651 -7.3875 199.419 -3987 31
40.1548 -4.15956 199.419 -1537 31
8.16708 -0.095459 200.581 -189 31
41.691 6.07523 199.419 2083 31
12.6784 2.08243 200.581 2311 31
12.6979 2.413 200.581 2616 31
12.9896 3.09359 200.581 3151 31
15.6536 3.73529 200.581 3156 31
27.9236 14.5664 200.581 5616 31
4.76236 4.51134 199.419 7970 31
3.71231 4.39467 199.419 8881 31
9.52649 12.9312 199.419 9433 31
6.72635 9.27547 199.419 9497 31
5.15127 7.54483 199.419 9736 31
3.63453 6.02808 199.419 10221 31
2.66226 8.40043 199.419 12441 31
-0.57865 11.8228 199.419 17148 31
-1.86676 7.48472 188.081 19654 30
-3.40472 11.745 199.419 20066 31
-1.75009 5.50129 188.081 20338 30
-10.2236 28.3903 199.419 20721 31
-10.431 28.0014 199.419 20830 31
-12.7969 25.1041 199.419 21915 31
-6.84479 9.27371 188.081 23341 30
-10.9867 11.3933 188.081 24427 30
-7.15592 7.06989 188.081 24625 30
-15.8675 13.2795 186.919 25303 30
-14.7202 10.9266 188.081 25787 30
-6.88368 2.15668 188.081 28859 30
-6.47533 1.35941 188.081 29925 30
-39.5909 3.63453 186.919 31390 30

55 212.5 225
-15.5952 -0.280487 213.081 -32478 32
-15.1934 -0.68236 213.081 -32063 32
-28.4876 -4.74645 213.081 -30428 32
-16.6258 -5.17425 213.081 -28879 32
-4.62624 -3.28628 211.919 -25963 32
-8.53478 -8.98379 211.919 -24366 32
-7.65973 -10.3644 211.919 -23346 32
-10.3821 -14.3313 211.919 -23266 32
-3.26506 -5.15304 211.919 -22738 32
-16.0531 -26.7834 213.081 -22523 32
-3.16784 -7.97263 211.919 -21042 32
-3.42063 -8.61433 211.919 -21040 32
-8.04157 -27.2501 213.081 -20117 32
-4.58028 -27.3668 213.081 -18732 32
-0.924543 -27.1723 213.081 -16923 32
1.92687 -17.2675 211.919 -14739 32
3.17138 -16.8009 211.919 -13782 32
1.75009 -8.06809 225.581 -13463 33
6.16597 -19.7955 211.919 -12492 32
8.94667 -18.726 211.919 -11086 32
4.62801 -3.24562 225.581 -6753 33
8.40043 -4.29567 225.581 -5543 33
28.3903 -9.17 224.419 -3999 33
9.33381 -0.095459 225.581 -165 33
15.5369 2.413 225.581 2202 33
15.4008 2.93803 225.581 2624 33
15.673 3.71585 225.581 3139 33
5.8902 1.59452 224.419 3490 33
33.7962 17.6258 225.581 5615 33
5.8902 5.56139 224.419 7956 33
4.49013 5.32805 224.419 8891 33
11.639 15.8357 225.581 9443 33
8.18476 11.2006 224.419 9466 33
6.22077 9.1588 224.419 9756 33
4.45124 7.31149 224.419 10183 33
3.07061 9.54771 224.419 12397 33
-0.740694 14.2924 224.419 17191 33
-0.544472 7.1736 213.081 17539 32
-1.0695 6.49301 213.081 18701 32
-2.54912 10.0338 224.419 19703 33
-2.3529 9.21537 213.081 19716 32
-4.22143 14.5063 224.419 20077 33
-2.15844 6.84303 213.081 20312 32
-12.1941 34.5351 224.419 20659 33
-12.6413 33.8934 224.419 20834 33
-15.597 30.5488 224.419 21921 33
-7.95318 11.9377 213.081 22934 32
-8.49766 11.5099 213.081 23342 32
-13.4368 13.9212 211.919 24430 32
-8.86712 8.72923 213.081 24640 32
-19.6593 16.488 211.919 25294 32
-18.4343 13.7073 211.919 25780 32
-5.87252 2.00111 213.081 28603 32
-7.89485 2.4678 213.081 28866 32
-8.01152 1.65109 213.081 29968 32

53 237.5 250
-18.9204 -0.974039 238.081 -31965 34
-17.9287 -1.3435 238.081 -31625 34
-33.7767 -5.71873 236.919 -30395 34
-20.126 -6.2632 238.081 -28879 34
-5.50129 -3.92797 236.919 -25942 34
-9.62372 -10.1505 236.919 -24357 34
-8.65145 -11.745 236.919 -23333 34
-12.6761 -17.5469 238.081 -23255 34
-3.67342 -5.83363 236.919 -22714 34
-3.79009 -9.45048 236.919 -21073 34
-3.84843 -9.74216 236.919 -21023 34
-8.97495 -30.7503 238.081 -20085 34
-5.46829 -32.5587 238.081 -18740 34
-1.17733 -32.2865 238.081 -16960 34
2.31577 -20.4566 236.919 -14717 34
3.85196 -20.3594 236.919 -13777 34
6.94379 -22.3623 236.919 -12501 34
10.5898 -22.2747 236.919 -11104 34
10.2884 -18.0843 236.919 -10442 34
5.46417 -3.80954 250.581 -6730 35
9.91717 -5.0346 250.581 -5516 35
33.7767 -10.9266 249.419 -4004 35
10.4616 -0.13435 250.581 -207 35
43.9467 4.31217 249.419 1463 35
18.5704 2.64635 250.581 2043 35
18.1231 3.4825 250.581 2640 35
18.4926 4.31865 250.581 3101 35
6.90136 1.90565 249.419 3545 35
7.01803 6.61145 249.419 7947 35
22.5414 22.5638 250.581 8196 35
5.22906 6.22254 249.419 8902 35
13.6419 18.5775 250.581 9446 35
9.62372 13.184 249.419 9470 35
7.32916 10.7339 249.419 9736 35
3.14839 5.15304 249.419 10170 35
5.22905 8.63377 249.419 10203 35
3.47897 10.695 249.419 12362 35
-0.97404 16.8203 249.419 17280 35
-0.682358 9.17825 249.419 17517 35
-1.2834 7.75696 238.081 18709 34
-3.01581 11.745 249.419 19731 35
-5.03814 17.2675 249.419 20084 35
-2.60569 8.14587 238.081 20354 34
-5.79651 17.7926 249.419 20410 35
-10.2283 13.7462 238.081 23373 34
-16.0425 16.6046 236.919 24434 34
-10.5394 10.4015 238.081 24629 34
-23.4318 19.6381 236.919 25297 34
-22.3234 16.5852 236.919 25784 34
-4.72524 3.18728 238.081 26168 34
-7.03925 2.39002 238.081 28615 34
-8.90601 2.77893 238.081 28871 34
-9.54771 2.05945 238.081 29861 34

58 262.5 275
-22.2456 -1.53796 263.081 -31708 36
-20.8844 -2.27688 263.081 -31157 36
-39.3187 -6.68452 261.919 -30387 36
-23.6651 -7.35214 263.081 -28884 36
-6.39578 -4.58912 261.919 -25923 36
-10.7127 -11.3172 261.919 -24351 36
-4.179 -5.04285 261.919 -23808 36
-9.66261 -13.0673 261.919 -23348 36
-14.9058 -20.5803 263.081 -23266 36
-4.10122 -6.49477 261.919 -22725 36
-4.45123 -10.9672 261.919 -21113 36
-4.27623 -10.87 261.919 -21009 36
-4.19844 -10.7533 261.919 -20984 36
-9.94074 -34.3088 263.081 -20064 36
-6.34982 -37.7701 263.081 -18742 36
-1.46902 -37.4006 263.081 -17003 36
0.176778 -7.42816 261.919 -16003 36
2.70468 -23.6457 261.919 -14702 36
4.53255 -23.9179 261.919 -13773 36
2.16021 -10.1116 261.919 -13499 36
7.74105 -24.9096 261.919 -12499 36
12.2913 -25.843 261.919 -11103 36
11.4357 -20.1649 261.919 -10454 36
4.0641 -4.70403 275.581 -8789 37
4.16132 -4.56791 275.581 -8573 37
4.55023 -3.40118 275.581 -7008 37
6.26143 -4.33456 275.581 -6702 37
11.395 -5.81242 275.581 -5534 37
11.5506 -0.134352 275.581 -188 37
21.5844 2.74357 275.581 1847 37
20.8066 3.98808 275.581 2635 37
21.1955 4.99924 275.581 3126 37
7.95142 2.17789 274.419 3522 37
4.45124 3.26683 274.419 6934 37
8.18476 7.70039 274.419 7942 37
5.96798 7.11703 274.419 8911 37
15.6642 21.3387 275.581 9448 37
11.0821 15.1091 274.419 9451 37
8.43755 12.3479 274.419 9733 37
3.61508 5.93086 274.419 10179 37
5.98743 9.93661 274.419 10223 37
3.80954 11.8423 274.419 12396 37
-1.22683 19.3677 274.419 17360 37
-0.799032 10.5394 274.419 17538 37
-1.56388 9.56715 274.419 18685 37
-3.84548 22.9456 274.419 18735 37
-3.46306 13.5146 274.419 19725 37
-5.81595 20.0677 274.419 20065 37
-2.9946 9.46816 263.081 20320 36
-11.9006 15.8852 261.919 23401 36
-18.6482 19.2881 261.919 24437 36
-12.2506 12.035 263.081 24648 36
-16.0911 14.0865 261.919 25120 36
-26.1736 19.502 261.919 25772 36
-5.48361 3.71231 263.081 26153 36
-8.18653 2.79837 263.081 28594 36
-9.85884 3.1095 263.081 28839 36
-11.0839 2.31224 263.081 29940 36

61 312.5 325
-29.5376 -2.76302 313.081 -31366 38
-26.368 -4.96035 313.081 -30173 38
-28.0014 -8.35682 313.081 -29002 38
-6.51245 -1.98343 311.919 -28943 38
-30.7043 -9.53003 313.081 -28887 38
-8.18476 -5.83363 311.919 -25949 38
-12.8906 -13.6507 311.919 -24341 38
-11.6779 -15.7968 313.081 -23347 38
-19.3394 -26.6992 313.081 -23266 38
-4.97626 -7.79762 311.919 -22766 38
-4.68458 -8.16708 311.919 -22356 38
-5.73463 -13.9618 311.919 -21154 38
-5.15127 -13.0673 311.919 -21016 38
-4.8207 -12.7368 311.919 -20882 38
-0.114904 -9.70327 311.919 -16575 38
0.390676 -9.08102 311.919 -15708 38
3.56028 -30.0238 311.919 -14647 38
5.86781 -31.0349 311.919 -13778 38
2.72413 -12.9312 311.919 -13533 38
9.33558 -30.0821 311.919 -12503 38
15.5192 -32.96 311.919 -11139 38
13.7691 -24.3262 311.919 -10462 38
6.53367 -5.77353 325.581 -7686 39
6.72812 -5.44944 325.581 -7331 39
5.67807 -4.29567 325.581 -7056 39
7.85596 -5.4624 325.581 -6719 39
14.3507 -7.29027 325.581 -5519 39
13.7868 -0.153797 325.581 -180 39
27.3986 2.72413 325.581 1481 39
26.2513 4.99924 325.581 2620 39
26.65 6.40904 325.581 3176 39
10.1213 2.79219 325.581 3542 39
5.61796 4.12243 324.419 6934 39
10.5182 9.8005 324.419 7902 39
7.48473 8.9449 324.419 8920 39
14.0502 19.1025 325.581 9440 39
19.6894 26.8418 325.581 9451 39
10.6349 15.5175 324.419 9721 39
4.54847 7.48649 324.419 10191 39
7.58195 12.5423 324.419 10211 39
2.05945 5.54195 324.419 11945 39
8.25547 22.823 325.581 12031 39
4.52902 14.1563 324.419 12412 39
5.72756 28.3067 325.581 13626 39
0.484366 8.0893 324.419 15458 39
-1.61574 24.5012 324.419 17397 39
-0.993484 13.3007 324.419 17522 39
-1.9852 12.0756 324.419 18697 39
-4.37699 17.0342 324.419 19733 39
-7.43965 25.6194 324.419 20071 39
-4.02697 12.6784 324.419 20333 39
-2.10011 5.61796 313.081 20842 38
-11.5524 23.4706 324.419 21788 39
-15.4786 20.3576 311.919 23460 38
-15.5758 15.2823 311.919 24653 38
-6.98091 4.74292 313.081 26139 38
-25.4735 10.6867 311.919 27925 38
-10.4616 3.47897 313.081 28679 38
-11.8423 3.77065 313.081 28811 38
-14.1368 2.91505 313.081 29967 38
-7.38927 0.406588 313.081 31913 38

69 387.5 400
-41.1077 -4.45477 386.919 -31166 40
-36.363 -8.1883 386.919 -29756 40
-10.8488 -7.71984 386.919 -25956 40
-13.1628 -12.7562 386.919 -24704 40
-16.2281 -17.1579 388.081 -24347 40
-14.6725 -19.8544 388.081 -23346 40
-6.29855 -9.81995 386.919 -22786 40
-10.3945 -22.6805 388.081 -21533 40
-7.69863 -18.4148 386.919 -21214 40
-6.45411 -16.3925 386.919 -21012 40
-5.59852 -15.7314 386.919 -20684 40
-1.10662 -7.00035 386.919 -18620 40
-1.85851 -14.1563 386.919 -18285 40
-0.562151 -12.9895 386.919 -17063 40
-0.0760155 -12.0756 386.919 -16486 40
0.00176811 -13.359 386.919 -16381 40
0.487905 -12.0173 386.919 -15744 40
0.643467 -14.0396 386.919 -15665 40
0.86709 -11.852 386.919 -15267 40
4.86371 -39.598 388.081 -14591 40
7.90369 -41.8731 388.081 -13782 40
3.61862 -17.1314 386.919 -13526 40
11.7079 -37.7825 386.919 -12508 40
17.2499 -30.5682 386.919 -10473 40
2.93626 -4.78181 400.581 -10150 41
7.40871 -5.59852 400.581 -7051 41
10.2089 -7.42639 400.581 -6899 41
10.2672 -7.1736 400.581 -6738 41
10.5589 -6.80413 400.581 -6420 41
18.726 -9.48761 399.419 -5509 41
17.2092 -0.231577 400.581 -217 41
36.0713 2.60746 399.419 1104 41
34.2629 6.55488 399.419 2631 41
34.9629 8.65499 400.581 3251 41
13.184 3.59917 400.581 3513 41
7.36805 5.40583 399.419 6933 41
4.37346 3.26683 399.419 7005 41
14.0502 12.9577 400.581 7860 41
13.9795 12.9507 399.419 7879 41
9.77929 11.7062 399.419 8926 41
18.4449 24.975 400.581 9424 41
13.953 20.4053 400.581 9730 41
5.98743 9.78106 399.419 10162 41
9.93485 16.4508 399.419 10215 41
2.70115 4.62801 399.419 10345 41
13.9627 28.2905 400.581 10969 41
2.54558 6.92257 399.419 11979 41
10.8223 29.8364 400.581 12023 41
5.54018 17.5787 399.419 12457 41
2.31224 9.76161 399.419 13246 41
0.601041 10.0727 399.419 15461 41
-2.14784 32.5004 400.581 17399 41
-1.32406 17.3648 399.419 17544 41
-2.58801 15.8286 399.419 18686 41
-5.73817 22.3234 399.419 19734 41
-9.78282 33.9128 399.419 20052 41
-2.17789 6.94025 388.081 20297 40
-5.27148 16.5675 399.419 20338 41
-2.74181 7.46528 388.081 20785 40
-4.31689 4.95682 388.081 24010 40
-5.42528 6.14299 388.081 24067 40
-20.6705 20.2993 386.919 24650 40
-9.29492 6.27911 388.081 26162 40
-4.97803 2.66226 388.081 27059 40
-14.8758 4.78181 388.081 28782 40
-13.884 4.41235 388.081 28816 40
-18.726 3.84843 388.081 29974 40
-9.8005 0.562149 388.081 31879 40
-17.3259 0.387142 388.081 32409 40

62 487.5 500
-14.4462 -10.2283 486.919 -25976 42
-24.5313 -19.083 488.081 -25599 42
-9.23481 -9.60604 486.919 -24414 42
-20.6228 -21.786 488.081 -24351 42
-18.6782 -25.2084 488.081 -23357 42
-8.10698 -12.5229 486.919 -22822 42
-10.3459 -24.4792 488.081 -21251 42
-8.15824 -20.872 488.081 -20988 42
-6.55134 -19.6788 486.919 -20476 42
-1.76777 -7.35038 486.919 -19560 42
-1.6122 -7.03925 486.919 -19437 42
-3.26507 -19.6204 486.919 -18721 42
-3.12895 -19.4454 486.919 -18654 42
-1.45664 -9.21714 486.919 -18619 42
-0.328804 -16.8786 486.919 -16697 42
-0.173241 -18.7454 486.919 -16534 42
0.215668 -18.1231 486.919 -16191 42
0.526794 -13.7674 486.919 -15780 42
0.643469 -16.0619 486.919 -15752 42
4.82424 -22.7317 486.919 -13515 42
5.11592 -19.601 486.919 -12992 42
3.8502 -6.27911 500.581 -10156 43
9.76161 -7.36805 500.581 -7047 43
13.4757 -9.37093 500.581 -6720 43
15.1285 -9.54594 500.581 -6338 43
15.7119 -8.65145 500.581 -5817 43
24.6957 -12.4239 499.419 -5483 43
13.171 -5.69574 500.581 -4946 43
7.38927 -1.49553 500.581 -2757 43
21.8178 -0.289913 500.581 -214 43
34.5481 4.94739 499.419 2052 43
17.3453 4.72701 500.581 3508 43
9.68206 7.09758 499.419 6930 43
5.81242 4.31689 499.419 6982 43
18.7171 17.1579 500.581 7835 43
12.8057 15.4467 500.581 8957 43
18.2893 26.764 500.581 9732 43
3.30396 5.3086 499.419 10098 43
7.85419 12.8923 499.419 10181 43
13.1168 21.7471 500.581 10219 43
3.55675 6.10587 499.419 10353 43
3.20673 8.71156 499.419 11975 43
6.87485 22.1554 500.581 12503 43
2.83727 9.66438 499.419 12665 43
1.67054 8.38098 499.419 13661 43
0.756605 12.7173 499.419 15463 43
-2.67286 42.8259 500.581 17346 43
-1.75186 22.8095 499.419 17552 43
-3.40472 20.8455 499.419 18684 43
-7.50771 29.3432 499.419 19721 43
-2.87792 9.19592 488.081 20289 42
-6.92434 21.8372 499.419 20328 43
-1.90565 5.81242 488.081 20429 42
-3.61685 9.93485 488.081 20756 42
-5.71696 6.59023 488.081 23994 42
-12.2895 8.34032 488.081 26144 42
-6.33921 3.40118 488.081 27046 42
-18.969 6.05549 488.081 28803 42
-18.4051 5.68602 488.081 28901 42
-24.7735 5.0346 486.919 30000 42
-31.3849 3.40118 486.919 31166 42
-13.0479 0.73716 488.081 31891 42

61 587.5 600
-18.0754 -12.7827 588.081 -25981 44
-22.0034 -24.8 588.081 -24086 44
-9.89596 -15.1934 586.919 -22846 44
-13.0002 -30.4975 588.081 -21280 44
-9.88889 -25.2861 588.081 -20990 44
-7.711 -23.8083 588.081 -20392 44
-7.53599 -23.6333 588.081 -20345 44
-2.23446 -9.13935 586.919 -19602 44
-2.00111 -8.75045 586.919 -19433 44
-4.75529 -25.0528 588.081 -18997 44
-4.36638 -24.8972 588.081 -18828 44
-1.80666 -11.5117 586.919 -18606 44
-2.42891 -19.2121 586.919 -18222 44
-0.542704 -22.8095 586.919 -16764 44
0.215669 -24.8124 586.919 -16242 44
0.449013 -22.8678 586.919 -16068 44
0.974041 -20.126 586.919 -15627 44
6.01041 -28.3514 586.919 -13518 44
1.47785 -6.86247 600.581 -13480 45
9.82171 -24.5401 586.919 -11700 44
4.80302 -7.77641 600.581 -10128 45
12.0756 -9.13759 600.581 -7057 45
16.6064 -11.5683 599.419 -6727 45
19.9899 -11.659 599.419 -6035 45
20.7677 -10.4793 599.419 -5494 45
30.646 -15.2629 599.419 -5447 45
8.98379 -1.84555 600.581 -2792 45
26.3875 -0.309359 600.581 -189 45
21.4678 5.81595 600.581 3492 45
11.9572 8.82823 599.419 6958 45
7.25138 5.36694 599.419 6968 45
23.384 21.3322 600.581 7816 45
4.04288 4.14188 599.419 8291 45
15.7809 19.1997 600.581 8992 45
4.10122 6.57256 599.419 10088 45
9.77929 15.9841 599.419 10164 45
16.2475 26.9779 600.581 10225 45
4.3929 7.60316 599.419 10384 45
3.82898 10.5524 599.419 12021 45
8.17769 26.6862 600.581 12540 45
3.80954 15.848 599.419 13208 45
1.57331 13.3785 599.419 14659 45
0.873277 15.323 599.419 15500 45
0.114903 11.4534 599.419 16221 45
-2.17966 28.2153 599.419 17558 45
-4.22143 25.8624 599.419 18683 45
-1.30284 6.41523 588.081 19149 44
-9.3232 36.4867 600.581 19718 45
-9.31613 36.4019 599.419 19722 45
-3.67696 11.7839 599.419 20280 45
-8.59665 27.0875 599.419 20331 45
-2.33345 7.25138 588.081 20372 44
-4.57145 12.6784 599.419 20725 45
-2.52791 6.35689 588.081 21045 44
-7.13648 8.20421 588.081 24005 44
-15.3036 10.421 588.081 26130 44
-7.64206 4.15956 588.081 26993 44
-22.9262 7.3875 586.919 28775 44
-22.8289 7.01804 586.919 28915 44
-30.8794 6.24022 586.919 30013 44
-16.2758 0.892723 588.081 31916 44

58 637.5 650
-19.845 -14.0856 638.081 -25966 46
-12.6669 -9.82967 636.919 -25609 46
-10.8223 -16.5746 638.081 -22855 46
-10.7834 -27.4251 638.081 -21007 46
-8.46937 -25.5 638.081 -20468 46
-8.17769 -25.5973 638.081 -20350 46
-7.84712 -25.8889 638.081 -20194 46
-2.50669 -10.0338 636.919 -19658 46
-2.21501 -9.62549 636.919 -19448 46
-4.68458 -21.5455 636.919 -19310 46
-5.49422 -27.7363 638.081 -19092 46
-4.9303 -27.6001 638.081 -18867 46
-1.98167 -12.6201 636.919 -18607 46
-0.717713 -25.8235 636.919 -16827 46
0.222738 -27.6585 638.081 -16253 46
0.604577 -25.2791 636.919 -16001 46
1.14905 -22.09 636.919 -15573 46
6.63266 -31.1516 636.919 -13507 46
1.63342 -7.48472 650.581 -13448 47
12.0385 -27.2236 636.919 -11360 46
16.6276 -31.1905 636.919 -10686 46
5.28916 -8.49589 650.581 -10097 47
13.2618 -10.0126 650.581 -7048 47
18.2204 -12.6767 649.419 -6722 47
22.44 -12.735 649.419 -5931 47
23.3151 -11.3544 649.419 -5365 47
9.78105 -2.02056 650.581 -2805 47
28.6431 -0.34825 649.419 -196 47
23.529 6.39932 650.581 3503 47
13.0656 9.66438 649.419 6966 47
7.95141 5.91142 649.419 6986 47
4.47068 4.56968 649.419 8281 47
17.2782 21.0859 650.581 9005 47
4.50957 7.25315 649.419 10102 47
10.725 17.5663 650.581 10172 47
4.80125 8.36154 649.419 10407 47
4.14011 11.4339 649.419 12028 47
8.83883 28.9808 650.581 12554 47
4.29567 18.901 649.419 13349 47
1.53442 15.9064 649.419 14942 47
0.951057 16.6453 649.419 15498 47
-2.43952 31.0031 650.581 17579 47
-4.62978 28.332 649.419 18685 47
-1.43896 6.97914 638.081 19184 46
-10.2177 40.0258 650.581 19715 47
-4.02697 12.9118 649.419 20279 47
-9.45225 29.7321 649.419 20336 47
-2.60569 7.99031 638.081 20413 46
-4.9798 13.9035 649.419 20704 47
-4.18077 9.33204 638.081 21453 46
-3.65574 7.1736 638.081 21914 46
-7.83651 9.02092 638.081 24000 46
-16.762 11.4127 636.919 26131 46
-8.3032 4.54846 638.081 26969 46
-24.9679 8.0292 636.919 28781 46
-25.0846 7.67918 636.919 28927 46
-33.9128 6.86247 636.919 30010 46
-17.8704 0.970505 638.081 31924 46

60 687.5 700
-31.6961 -18.0569 688.081 -26821 48
-13.8823 -10.7144 686.919 -25631 48
-11.7556 -17.8969 688.081 -22879 48
-11.6779 -29.6419 688.081 -21014 48
-9.34442 -27.5418 688.081 -20534 48
-8.83883 -27.6585 688.081 -20351 48
-6.09703 -24.0222 688.081 -19700 48
-2.75948 -10.9089 686.919 -19691 48
-2.39002 -10.4616 686.919 -19430 48
-6.33037 -29.3113 688.081 -19293 48
-6.27204 -30.3808 688.081 -19187 48
-5.53311 -30.342 688.081 -18910 48
-2.19557 -13.6896 686.919 -18648 48
-0.963432 -28.8835 688.081 -16912 48
0.689428 -27.6974 688.081 -15986 48
0.72125 -27.6514 686.919 -15967 48
1.26572 -23.9957 686.919 -15563 48
1.86853 -28.7598 686.919 -15384 48
7.20306 -33.9517 686.919 -13516 48
1.78898 -8.10698 700.581 -13422 49
14.0025 -30.2765 686.919 -11202 48
18.086 -34.1267 686.919 -10708 48
18.1444 -33.9517 686.919 -10677 48
5.75585 -9.27371 700.581 -10109 49
2.89737 -4.58735 700.581 -10041 49
14.3896 -10.9071 700.581 -7064 49
19.8343 -13.785 699.419 -6717 49
24.9096 -13.8045 699.419 -5842 49
25.8624 -12.1905 699.419 -5248 49
10.5783 -2.19557 700.581 -2816 49
30.9766 -0.34825 699.419 -182 49
25.6096 6.92434 700.581 3487 49
14.2128 10.5394 699.419 6976 49
8.65145 6.45588 699.419 7001 49
4.84015 4.97803 699.419 8307 49
18.756 22.9527 700.581 9016 49
4.89848 7.8754 699.419 10101 49
11.6973 19.083 700.581 10157 49
5.22905 9.10047 699.419 10405 49
4.52902 12.2895 699.419 11971 49
9.48054 31.2948 700.581 12574 49
4.80125 21.9733 699.419 13446 49
1.5085 18.4732 699.419 15147 49
1.02884 17.9676 699.419 15496 49
-2.64694 33.7255 700.581 17576 49
-5.03814 30.8016 699.419 18687 49
-1.51674 7.52362 688.081 19132 48
-4.37699 14.0396 699.419 20277 49
-10.269 32.3378 699.419 20332 49
-2.83903 8.69034 688.081 20418 48
-5.38815 15.1285 699.419 20686 49
-4.78358 7.91252 688.081 22557 48
-8.53655 9.83762 688.081 23995 48
-7.38927 7.32916 688.081 24609 48
-18.2787 12.4628 686.919 26125 48
-8.9449 4.91793 688.081 26955 48
-26.9903 8.65145 686.919 28791 48
-27.3403 8.30143 686.919 28951 48
-36.9852 7.44583 686.919 30022 48
-19.4843 1.06773 688.081 31916 48

68 737.5 750
-15.1268 -11.6089 736.919 -25653 50
-14.9907 -11.6284 736.919 -25610 50
-12.6307 -19.2386 738.081 -22877 50
-12.6112 -31.8198 738.081 -21034 50
-9.77221 -29.3697 738.081 -20474 50
-9.65554 -29.6419 738.081 -20409 50
-7.65266 -26.8223 738.081 -20020 50
-2.97338 -11.8617 736.919 -19667 50
-2.75948 -11.6478 736.919 -19522 50
-2.60392 -11.3367 736.919 -19444 50
-7.03041 -33.0449 738.081 -19258 50
-6.09703 -33.0449 738.081 -18936 50
-2.37058 -14.7591 736.919 -18651 50
-5.31273 -34.5811 738.081 -18565 50
-0.749535 -31.9365 738.081 -16759 50
0.806103 -30.0697 738.081 -15956 50
1.40184 -25.9597 736.919 -15544 50
3.75474 -29.8293 736.919 -14552 50
7.8259 -36.8173 738.081 -13511 50
1.98343 -8.76812 750.581 -13361 51
16.1026 -33.8545 736.919 -11102 50
6.20309 -9.99319 750.581 -10109 51
3.11127 -4.91793 750.581 -10035 51
7.93374 -10.4404 750.581 -9309 51
8.59488 -10.5571 750.581 -9031 51
15.5564 -11.7627 749.419 -7054 51
21.4289 -14.9129 749.419 -6723 51
27.3792 -14.874 749.419 -5767 51
28.3903 -13.0072 749.419 -5147 51
11.3172 -2.39002 750.581 -2856 51
33.3781 -0.319082 749.419 -155 51
27.6514 7.48826 750.581 3491 51
9.39038 6.96146 749.419 6975 51
15.3018 11.395 749.419 6993 51
5.26795 5.40583 749.419 8297 51
20.2533 24.8 750.581 9018 51
5.26795 8.5171 749.419 10122 51
12.6501 20.6581 750.581 10161 51
5.65685 9.83939 749.419 10403 51
4.87904 13.184 749.419 11958 51
10.1222 33.6088 750.581 12591 51
5.29977 25.1306 750.581 13530 51
1.49553 21.0011 749.419 15294 51
1.10662 19.2899 749.419 15495 51
-1.13238 24.5735 749.419 17105 51
-2.85435 36.4478 750.581 17573 51
-5.43411 33.3754 750.581 18678 51
-1.63342 8.10698 738.081 19131 50
-3.46306 14.6619 749.419 19514 51
-4.72701 15.2452 749.419 20261 51
-11.1051 35.0018 749.419 20330 51
-3.05293 9.40982 738.081 20397 50
-5.79651 16.3536 749.419 20671 51
-5.98919 9.00147 738.081 22929 50
-2.95571 4.37346 738.081 22991 50
-5.9503 8.69034 738.081 23042 50
-8.90601 10.8682 738.081 23763 50
-9.3727 11.0043 738.081 23920 50
-9.11991 10.5765 738.081 23970 50
-17.3453 19.2816 736.919 24142 50
-9.48937 10.4404 738.081 24185 50
-4.21966 3.45952 738.081 25386 50
-6.76701 5.07349 738.081 25747 50
-19.8149 13.4934 736.919 26130 50
-9.60604 5.26795 738.081 26965 50
-29.0126 9.35149 736.919 28774 50
-29.596 9.00147 736.919 28947 50
-21.1177 1.14551 738.081 31924 50

