29 -287.5 -275
-10.7904 -13.184 -288.081 -23758 0
-3.16784 -9.83939 -288.081 -20374 0
-2.1496 -29.9142 -286.919 -17482 0
7.15769 -16.3147 -288.081 -11387 0
8.36154 -14.8351 -274.419 -10478 1
10.6755 -13.6489 -274.419 -9193 1
33.9751 -10.8449 -275.581 -3964 1
28.3903 -7.87363 -275.581 -3557 1
27.8264 -0.853831 -275.581 -487 1
23.8207 1.28517 -274.419 838 1
33.5434 2.49078 -275.581 1132 1
20.6899 6.20486 -274.419 3779 1
18.5509 9.93839 -274.419 5715 1
21.8178 13.7886 -274.419 6344 1
16.1309 11.9271 -274.419 6964 1
10.7516 8.84119 -275.581 7393 1
7.1736 10.5783 -275.581 9763 1
7.67918 19.0176 -275.581 11671 1
2.17612 11.3756 -275.581 13753 1
2.17612 13.2034 -275.581 14065 1
-6.16597 18.9399 -275.581 20407 1
-8.18653 11.6266 -286.919 23153 0
-9.08102 9.91541 -286.919 24216 0
-6.35866 3.34285 -286.919 27122 0
-9.95606 4.45124 -286.919 27706 0
-8.67266 3.86787 -286.919 27714 0
-8.86712 2.81782 -286.919 28817 0
-32.9989 3.5373 -288.081 31181 0
-11.4339 0.951059 -286.919 31509 0

31 -262.5 -250
-2.4678 -8.67266 -263.081 -20013 2
-1.95515 -27.8529 -261.919 -17458 2
6.43821 -14.7008 -263.081 -11393 2
7.77817 -13.785 -249.419 -10474 3
8.731 -11.2377 -249.419 -9220 3
25.4152 -7.07637 -250.581 -3568 3
24.7346 -0.769567 -249.419 -494 3
22.1484 1.16849 -249.419 821 3
31.1905 2.31577 -250.581 1132 3
18.4732 5.54372 -249.419 3781 3
17.2675 9.23835 -249.419 5710 3
20.2719 12.7871 -249.419 6337 3
14.4851 10.7339 -250.581 6973 3
7.85419 7.36982 -250.581 7931 3
6.37634 9.46992 -250.581 9791 3
6.90136 16.9953 -250.581 11652 3
3.09006 11.1876 -250.581 12838 3
1.49553 11.6673 -250.581 14522 3
1.51498 11.9978 -250.581 14547 3
-0.0795488 11.4923 -250.581 16496 3
-3.1973 10.682 -250.581 20158 3
-4.64923 14.5341 -250.581 20354 3
-5.07703 15.5952 -250.581 20407 3
-7.64206 10.8099 -261.919 23169 2
-17.7926 20.5715 -263.081 23982 2
-12.2117 8.57367 -261.919 26009 2
-5.71696 3.01228 -261.919 27114 2
-9.27547 4.15956 -261.919 27695 2
-7.97263 2.54558 -261.919 28802 2
-9.83939 0.834387 -261.919 31487 2
-22.4206 1.76777 -261.919 31570 2

25 -237.5 -225
-42.6633 -7.87717 -238.081 -30214 4
-1.74184 -7.50594 -238.081 -19469 4
-1.78014 -25.8112 -236.919 -17441 4
5.77706 -13.0673 -238.081 -11361 4
5.40583 -12.1516 -224.419 -11339 5
7.19481 -12.735 -224.419 -10469 5
6.8059 -8.76812 -224.419 -9224 5
22.3428 -6.22077 -225.581 -3568 5
21.7789 -0.639931 -224.419 -467 5
20.4566 1.07127 -224.419 815 5
28.7404 2.12132 -224.419 1126 5
9.68383 1.49907 -224.419 2196 5
9.28667 2.139 -225.581 3067 5
16.2953 4.84368 -224.419 3754 5
15.9453 8.53831 -224.419 5713 5
12.7544 9.43104 -225.581 6964 5
5.63741 8.34209 -225.581 9776 5
6.06521 14.9924 -225.581 11664 5
1.26219 11.045 -225.581 14703 5
-3.98808 12.2506 -225.581 20407 5
-7.07814 9.97374 -236.919 23184 4
-5.07526 2.6817 -236.919 27103 4
-8.59488 3.86787 -236.919 27683 4
-7.07814 2.27335 -236.919 28785 4
-8.26431 0.698269 -236.919 31491 4

28 -212.5 -200
-39.3187 -7.25492 -213.081 -30215 6
-37.2963 -11.6625 -211.919 -28865 6
-0.989949 -6.33921 -213.081 -18596 6
-1.6122 -23.8401 -213.081 -17421 6
4.7058 -10.4793 -199.419 -11306 7
6.61145 -11.6849 -199.419 -10463 7
21.0806 -28.9931 -213.081 -9486 6
4.90025 -6.318 -199.419 -9227 7
19.1149 -5.36517 -199.419 -3590 7
18.8232 -0.562149 -199.419 -475 7
18.7454 0.993486 -199.419 824 7
26.4069 1.96576 -199.419 1135 7
40.8743 8.94019 -200.581 2940 7
14.0785 4.13068 -199.419 3716 7
14.699 7.8754 -200.581 5715 7
11.0432 8.14764 -200.581 6955 7
19.4366 26.8223 -199.419 9499 7
4.85959 7.21426 -200.581 9789 7
5.26794 12.9507 -200.581 11646 7
1.16496 10.1311 -200.581 14694 7
0.503223 44.4982 -199.419 16200 7
-3.40295 10.3821 -211.919 20428 6
-13.9636 25.4152 -200.581 22193 7
-6.51422 9.17648 -211.919 23186 6
-7.91429 3.5373 -211.919 27707 6
-6.1642 1.98167 -211.919 28782 6
-35.274 4.52902 -213.081 30903 6
-6.70868 0.581596 -211.919 31460 6

34 -137.5 -125
-29.1487 -5.36871 -136.919 -30219 8
-42.3716 -9.80227 -138.081 -29689 8
-27.807 -9.19946 -136.919 -28695 8
-31.4822 -14.0414 -136.919 -27714 8
-1.06773 -17.6176 -138.081 -17320 8
2.50846 -5.52074 -124.419 -11265 9
4.84191 -8.55422 -124.419 -10462 9
14.8174 -20.3576 -125.581 -9482 9
24.3846 -16.5463 -125.581 -6623 9
23.3345 -15.4962 -125.581 -6538 9
26.7375 -14.8545 -125.581 -5851 9
10.1505 -2.77893 -124.419 -3521 9
9.91717 -0.289913 -124.419 -465 9
13.6507 0.721249 -124.419 822 9
19.3482 1.44073 -124.419 1135 9
21.4094 4.66867 -124.419 2933 9
7.52361 2.139 -125.581 3626 9
9.42927 2.87792 -125.581 3831 9
10.771 5.7753 -125.581 5718 9
12.6767 7.99207 -125.581 6335 9
13.8628 9.25603 -125.581 6559 9
5.87075 4.29744 -125.581 6924 9
9.81111 22.7971 -124.419 11454 9
2.86968 6.92257 -125.581 11582 9
0.834385 7.42816 -125.581 14729 9
0.0824947 9.60605 -125.581 16244 9
-3.93682 32.2671 -124.419 18165 9
-7.39162 44.1482 -124.419 18733 9
-19.5574 29.1682 -125.581 22960 9
-4.86136 6.82358 -136.919 23200 8
-18.9204 14.2712 -138.081 25723 8
-19.4454 8.8848 -138.081 27629 8
-5.89197 2.64281 -136.919 27694 8
-30.3349 8.18476 -138.081 29286 8

33 -62.5 -50
-19.1732 -3.52139 -61.919 -30225 10
-18.3176 -6.16597 -61.919 -28641 10
-20.6122 -9.16057 -61.919 -27726 10
-19.2616 -20.2692 -61.919 -24367 10
-6.64209 -7.03925 -63.081 -24338 10
-4.7494 -6.18365 -63.081 -23501 10
-0.56215 -11.5117 -63.081 -17146 10
3.07238 -5.42351 -49.419 -10459 11
9.41159 -12.8517 -49.419 -9457 11
4.21966 -4.15956 -49.419 -8133 11
5.07526 -3.92621 -49.419 -7146 11
21.2733 -11.8275 -50.581 -5854 11
8.71156 0.449013 -49.419 803 11
33.8156 2.02409 -50.581 925 11
12.309 0.896257 -49.419 1112 11
5.56611 2.22974 -50.581 4686 11
6.86247 3.65574 -50.581 5694 11
8.04864 5.07526 -50.581 6336 11
4.18548 9.43103 -50.581 11347 11
-0.977929 12.4917 -50.581 17573 11
-3.27567 41.2508 -49.419 17589 11
-6.81415 32.4739 -50.581 19225 11
-9.55938 15.1462 -61.919 22723 10
-13.6701 20.3771 -63.081 22962 10
-3.2085 4.43179 -61.919 23264 10
-6.84479 6.08465 -61.919 25057 10
-4.16132 3.09006 -61.919 25786 10
-6.592 4.64569 -61.919 25994 10
-11.6284 6.43467 -61.919 26931 10
-6.63089 1.74832 -61.919 29349 10
-18.7843 3.19377 -61.919 30387 10
-37.7436 4.12067 -63.081 31155 10
-14.8563 0.624374 -61.919 32107 10

22 -37.5 -25
-15.8286 -2.89914 -36.919 -30231 12
-15.0702 -5.17426 -36.919 -28580 12
-16.9759 -7.5466 -36.919 -27725 12
-3.38115 -36.4089 -36.919 -17776 12
-0.464923 -9.50882 -38.081 -17147 12
7.62261 -10.3626 -24.419 -9440 13
6.12531 -6.06521 -24.419 -8151 13
7.35037 -5.65685 -24.419 -7125 13
16.9759 -9.37093 -24.419 -5827 13
8.49766 -2.72059 -24.419 -3973 13
7.15415 0.408352 -25.581 884 13
27.1069 1.6287 -24.419 928 13
9.95606 0.721249 -24.419 1106 13
5.54018 2.95571 -25.581 5699 13
6.5319 4.10299 -25.581 6321 13
-2.81546 49.0874 -24.419 17272 13
-2.63397 33.3754 -24.419 17582 13
-5.48538 26.3486 -25.581 19207 13
-12.6089 35.7796 -25.581 20653 13
-11.2978 16.838 -38.081 22962 12
-4.00576 4.02344 -36.919 24557 12
-29.1098 4.89848 -38.081 30408 12

26 -12.5 0
-48.2636 -2.25096 -13.081 -32037 14
-12.484 -2.27688 -11.919 -30240 14
-11.8617 -4.14365 -11.919 -28526 14
-13.3007 -5.97152 -11.919 -27691 14
-2.63574 -28.728 -11.919 -17760 14
-0.328805 -7.50594 -13.081 -17071 14
-0.387141 -16.2369 -13.081 -16765 14
5.81419 -7.93197 0.581 -9454 15
4.97803 -6.20133 0.581 -9088 15
8.01152 -7.95142 0.581 -8161 15
9.54771 -7.42639 0.581 -7168 15
12.9507 -7.13471 0.581 -5819 15
20.8455 -6.78469 -0.581 -4023 15
20.7094 1.24627 0.581 930 15
7.71807 0.544476 -0.581 1079 15
4.97626 3.13071 -0.581 6327 15
3.25858 8.0893 -0.581 11679 15
9.65554 33.7449 0.581 12738 15
0.931613 6.43644 -0.581 14312 15
-2.05061 37.4201 0.581 17235 15
-2.0565 25.9013 -0.581 17589 15
-4.16309 20.2038 -0.581 19183 15
-9.6856 27.4375 -0.581 20658 15
-8.81526 13.1628 -11.919 22955 14
-7.29204 4.35401 -11.919 26642 14
-39.902 6.70691 -13.081 30410 14

28 12.5 25
-35.4879 -1.67408 11.919 -32029 16
-9.13935 -1.65463 13.081 -30256 16
-8.80702 -3.11127 11.919 -28490 16
-9.85707 -4.47245 11.919 -27654 16
-1.08718 -7.99207 11.919 -18345 16
-1.98167 -21.3316 11.919 -17776 16
-0.730089 -31.4892 13.081 -16755 16
4.02521 -5.48184 25.581 -9447 17
7.97263 -9.93485 25.581 -9089 17
9.93662 -9.83762 25.581 -8150 17
11.6673 -9.27371 25.581 -7255 17
8.96435 -4.89848 25.581 -5789 17
33.7184 -11.1016 24.419 -4058 17
8.61433 -0.0760155 25.581 -143 17
14.2924 0.857367 25.581 927 17
19.1255 15.1162 25.581 7232 17
4.25678 4.62801 24.419 8534 17
13.0002 29.3113 25.581 11350 17
5.32628 13.1646 24.419 11664 17
6.68039 23.3222 25.581 12735 17
1.53442 10.4616 24.419 14288 17
-1.40832 26.4458 24.419 17212 17
-1.44073 18.0259 24.419 17596 17
-2.87969 14.0202 24.419 19175 17
-6.72989 19.0371 24.419 20663 17
-6.44292 9.62372 13.081 22954 16
-3.92798 3.71231 13.081 24807 16
-13.6118 7.84771 13.081 26776 16

35 37.5 50
-22.1289 -1.08423 38.081 -32002 18
-6.29855 -0.991718 36.919 -30539 18
-7.73752 -2.08066 36.919 -29295 18
-7.56251 -2.41124 36.919 -28807 18
-29.8487 -9.70504 38.081 -28747 18
-5.65685 -1.98343 36.919 -28514 18
-6.27911 -2.83903 36.919 -27666 18
-20.8561 -25.1306 38.081 -23814 18
-7.86656 -30.7309 38.081 -19723 18
-1.55387 -11.7645 36.919 -18295 18
-1.27515 -13.6507 36.919 -17783 18
5.68691 -36.1561 38.081 -14157 18
10.9867 -13.6489 50.581 -9077 19
11.8617 -11.7238 50.581 -8144 19
13.7674 -11.1405 50.581 -7328 19
4.93914 -2.70115 50.581 -5792 19
27.0486 -11.0303 49.419 -4745 19
10.2672 -0.095459 50.581 -150 19
8.16708 0.371231 50.581 712 19
7.8754 0.468458 50.581 919 19
10.946 8.67266 49.419 7242 19
5.07349 5.48361 49.419 8510 19
7.42639 16.8203 49.419 11365 19
7.34861 18.2204 49.419 11675 19
3.81602 13.3396 49.419 12739 19
3.95803 23.5944 50.581 14030 19
2.14371 14.4674 49.419 14269 19
-0.773104 14.8174 49.419 17196 19
-2.53026 43.3445 50.581 17287 19
-0.811994 10.1116 49.419 17601 19
-3.44184 6.06521 38.081 22315 18
-4.08354 6.12355 38.081 22938 18
-5.7364 5.44296 38.081 24791 18
-19.601 11.322 36.919 26769 18
-7.11703 0.912169 38.081 30906 18

28 62.5 75
-11.4728 -0.0471401 63.081 -32700 20
-9.33381 -0.474939 63.081 -31974 20
-7.40694 -1.16673 61.919 -30538 20
-12.6395 -4.11253 63.081 -28745 20
-9.75984 -3.79186 61.919 -28183 20
-9.36704 -11.2784 61.919 -23817 20
-3.5373 -13.8257 61.919 -19721 20
-2.02056 -15.498 61.919 -18273 20
1.06349 -19.6399 61.919 -15542 20
4.62246 -7.71807 75.581 -10246 21
15.6229 -25.9337 61.919 -10224 20
13.8646 -17.2269 74.419 -9077 21
13.709 -13.5323 74.419 -8138 21
15.7119 -12.8517 74.419 -7371 21
11.9006 -0.095459 75.581 -130 21
10.4228 0.449013 75.581 676 21
4.95682 3.61685 74.419 6911 21
5.90965 6.35866 74.419 8491 21
4.99571 6.61145 74.419 9332 21
9.41248 23.5458 75.581 11704 21
2.75948 18.4926 74.419 14256 21
-0.531658 9.80536 74.419 17226 21
-2.16492 6.12354 63.081 20663 20
-4.53079 7.97086 63.081 22321 20
-7.54483 7.1736 63.081 24782 20
-25.6096 14.8157 61.919 26763 20
-18.1426 6.72635 63.081 28336 20
-8.36154 1.06773 63.081 30912 20

28 87.5 100
-8.47644 -1.38063 86.919 -30473 22
-5.94854 -2.28808 86.919 -28216 22
-11.8034 -4.552 88.081 -28208 22
-11.9572 -5.17249 86.919 -27820 22
-4.21789 -3.08535 86.919 -25846 22
-5.40406 -5.69751 86.919 -24359 22
-2.49373 -19.251 86.919 -18262 22
0.90274 -26.718 86.919 -15848 22
0.291681 -7.46528 100.581 -15767 23
16.8981 -20.9604 99.419 -9071 23
15.6341 -15.4185 99.419 -8135 23
17.7537 -14.6601 99.419 -7410 23
6.592 -5.36517 100.581 -7351 23
29.2848 -8.89776 99.419 -3817 23
13.534 -0.095459 100.581 -114 23
12.659 0.54624 100.581 677 23
19.6166 8.28941 100.581 4866 23
6.00687 4.43356 99.419 6957 23
6.72635 7.25315 99.419 8500 23
3.49841 7.60316 99.419 11220 23
11.4251 28.5724 100.581 11703 23
3.38174 22.5373 99.419 14246 23
0.814939 8.3032 99.419 14919 23
-5.60029 9.89596 88.081 22305 22
-9.41159 8.8848 88.081 24811 22
-9.45048 5.00126 88.081 27098 22
-9.5866 1.20385 88.081 30940 22
-15.0119 1.88444 88.081 30940 22

29 112.5 125
-9.62549 -1.59629 113.081 -30437 24
-33.8739 -13.0885 113.081 -28201 24
-14.2924 -6.65211 113.081 -27564 24
-3.98455 -4.04465 111.919 -24514 24
-6.64857 -7.0198 111.919 -24353 24
-1.85851 -9.02268 111.919 -19182 24
-2.96042 -22.9845 111.919 -18253 24
0.825546 -34.7561 113.081 -16003 24
0.423086 -11.9784 111.919 -15825 24
6.63089 -8.59311 125.581 -9247 25
19.9316 -24.6162 124.419 -9053 25
6.39755 -7.65973 125.581 -8927 25
17.5203 -17.3047 124.419 -8141 25
19.7566 -16.5074 124.419 -7458 25
5.11415 -2.91505 125.581 -5948 25
10.9478 -3.42063 125.581 -3900 25
15.1674 -0.095459 125.581 -102 25
14.8952 0.643467 125.581 678 25
7.11526 5.23082 124.419 6941 25
7.6014 8.12819 124.419 8466 25
8.54715 18.4997 125.581 11206 25
8.30143 18.0065 124.419 11214 25
4.03581 26.7445 125.581 14235 25
0.0371227 8.92546 124.419 16316 25
-6.65034 11.8794 113.081 22264 24
-11.22 10.6154 113.081 24802 24
-18.4732 3.86787 113.081 29931 24
-10.8117 1.33997 113.081 30961 24
-28.7598 1.47609 111.919 31968 24

29 137.5 150
-10.695 -1.81019 138.081 -30396 26
-16.5092 -8.01329 138.081 -27414 26
-6.51245 -4.47245 136.919 -26097 26
-4.37346 -4.51134 136.919 -24448 26
-12.0544 -12.7368 136.919 -24350 26
-3.35905 -16.3633 136.919 -19174 26
-1.70943 -11.2589 136.919 -18543 26
-3.51079 -26.9196 138.081 -18274 26
0.780174 -42.437 138.081 -16088 26
0.747176 -21.8178 136.919 -15841 26
10.3644 -13.4156 150.581 -9243 27
10.0144 -11.9766 150.581 -8922 27
19.3871 -19.1714 149.419 -8146 27
21.8372 -18.3547 149.419 -7482 27
23.2956 -19.0353 149.419 -7367 27
5.67807 -3.20673 150.581 -5913 27
17.1509 -5.26795 150.581 -3849 27
16.8009 -0.095459 150.581 -92 27
17.112 0.760139 150.581 696 27
8.16531 6.04753 149.419 6971 27
8.41811 9.02268 149.419 8475 27
13.402 28.6696 150.581 11164 27
4.61917 30.7892 150.581 14246 27
0.0565681 14.1174 149.419 16318 27
-5.56139 10.8682 138.081 21929 26
-7.68095 13.8434 138.081 22230 26
-13.0868 12.3266 138.081 24821 26
-21.7983 5.63741 136.919 29401 26
-12.0562 1.49553 138.081 30959 26

31 162.5 175
-7.36805 -0.194454 161.919 -32346 28
-11.745 -2.08243 163.081 -30300 28
-18.6871 -9.41336 163.081 -27279 28
-9.42927 -5.05581 161.919 -27049 28
-4.80125 -5.01692 161.919 -24396 28
-17.7254 -18.8108 163.081 -24332 28
-4.93678 -24.1194 163.081 -19167 28
-2.4678 -16.3731 161.919 -18529 28
-4.04229 -30.692 163.081 -18290 28
1.18204 -32.2087 163.081 -15804 28
13.8063 -17.9464 174.419 -9260 29
13.4757 -16.1379 174.419 -8928 29
21.2733 -21.0576 174.419 -8150 29
23.9179 -20.1243 174.419 -7486 29
6.26143 -3.47897 175.581 -5851 29
22.9456 -7.09582 174.419 -3869 29
18.4343 -0.095459 175.581 -84 29
19.3093 0.896259 175.581 726 29
8.36154 1.11016 175.581 1920 29
8.22365 1.12783 174.419 1975 29
9.21537 6.86424 174.419 6994 29
9.25426 9.89773 174.419 8467 29
5.22198 34.8533 175.581 14249 29
0.0565681 19.3288 174.419 16336 29
-0.797263 6.60968 163.081 18147 28
-8.86889 17.8315 174.419 21826 29
-9.16057 16.7231 174.419 22182 29
-8.71156 15.8074 163.081 22205 28
-14.8369 13.9601 161.919 24825 28
-25.318 7.52362 161.919 29014 28
-13.3007 1.65109 163.081 30958 28

29 187.5 200
-8.32265 -0.215668 188.081 -32354 30
-12.834 -2.31577 188.081 -30263 30
-12.4822 -5.96975 186.919 -27467 30
-20.9233 -10.794 188.081 -27192 30
-5.20961 -5.46417 186.919 -24380 30
-6.48594 -31.5281 188.081 -19179 30
-3.20673 -21.4678 186.919 -18513 30
-4.58028 -34.4449 188.081 -18306 30
1.49317 -42.2426 188.081 -15824 30
17.462 -22.6133 199.419 -9244 31
17.0925 -20.4548 199.419 -8925 31
23.179 -22.9633 199.419 -8153 31
6.8059 -3.79009 200.581 -5860 31
29.0126 -9.04036 199.419 -3892 31
20.1066 -0.095459 200.581 -77 31
21.5067 1.03238 200.581 750 31
10.5589 1.47962 200.581 2013 31
5.42351 1.82787 199.419 4129 31
5.57907 1.98343 199.419 4297 31
10.246 7.6615 199.419 7009 31
10.0904 10.7728 199.419 8459 31
5.84424 38.8979 200.581 14243 31
0.114904 24.5207 199.419 16307 31
-1.14905 9.56715 199.419 18140 31
-9.12168 22.5956 199.419 21095 31
-10.2106 18.7065 199.419 22169 31
-16.6842 15.6907 186.919 24827 30
-28.7792 9.35149 186.919 28749 30
-14.5355 1.81638 188.081 30948 30

24 212.5 225
-9.25603 -0.254559 213.081 -32329 32
-13.884 -2.51023 213.081 -30259 32
-15.5952 -6.94379 213.081 -27720 32
-23.1206 -12.1746 213.081 -27116 32
-5.61796 -5.91141 211.919 -24367 32
-3.97748 -26.764 213.081 -18503 32
-5.1442 -38.1979 213.081 -18328 32
20.7483 -24.7717 224.419 -8916 33
7.40871 -4.08177 225.581 -5820 33
35.0601 -11.0432 224.419 -3924 33
21.7789 -0.095459 225.581 -71 33
23.7234 1.2009 225.581 789 33
12.7368 1.82964 225.581 2057 33
5.73463 1.82787 224.419 3960 33
6.08465 2.139 224.419 4261 33
11.3155 8.45876 224.419 7008 33
10.9071 11.6673 224.419 8467 33
0.146725 29.9725 225.581 16304 33
-1.35322 11.5603 224.419 18100 33
-8.65499 28.9348 224.419 20156 33
-11.2412 20.7483 224.419 22141 33
-18.4926 17.4213 211.919 24820 32
-32.2989 11.1988 211.919 28549 32
-15.7897 1.96222 213.081 30956 32

22 237.5 250
-10.1505 -0.254559 238.081 -32367 34
-14.973 -2.74358 238.081 -30230 34
-18.5898 -7.83828 238.081 -27908 34
-25.318 -13.5552 238.081 -27054 34
-6.04576 -6.41699 236.919 -24331 34
-1.90388 -5.65862 236.919 -20508 34
-4.69696 -31.8781 238.081 -18488 34
7.97263 -4.41235 250.581 -5837 35
23.4318 -0.0760136 250.581 -52 35
25.9402 1.3435 250.581 806 35
14.9341 2.16021 250.581 2070 35
6.00687 1.86676 249.419 3884 35
6.64857 2.31401 249.419 4230 35
12.3461 9.21714 249.419 7003 35
11.7433 12.5423 249.419 8461 35
0.185616 35.1839 250.581 16298 35
-1.63519 13.6313 249.419 18138 35
-7.47589 36.7006 250.581 19156 35
-1.98343 6.20133 238.081 20354 34
-12.2848 22.7512 249.419 22128 35
-20.3399 19.1131 236.919 24830 34
-17.0148 2.09834 238.081 30969 34

24 262.5 275
-11.045 -0.293449 263.081 -32343 36
-16.0619 -2.97692 263.081 -30206 36
-21.7789 -8.38275 263.081 -28214 36
-27.5347 -14.9553 263.081 -27001 36
-6.43467 -6.88369 261.919 -24299 36
-2.19557 -6.53366 261.919 -20504 36
-5.43588 -36.9728 263.081 -18484 36
8.53655 -4.70403 275.581 -5820 37
25.0846 -0.0565681 275.581 -36 37
28.1375 1.47962 275.581 818 37
17.1314 2.49078 275.581 2079 37
6.318 1.86676 274.419 3736 37
7.25138 2.5668 274.419 4283 37
4.91793 2.64458 274.419 5729 37
13.435 9.99495 274.419 6989 37
12.5794 13.4174 274.419 8456 37
2.70115 5.48361 274.419 10976 37
0.224506 40.3952 275.581 16293 37
-1.84908 15.7119 274.419 18109 37
-7.31384 45.5483 275.581 18650 37
-2.29456 7.21249 263.081 20338 36
-13.3219 24.7735 274.419 22113 37
-22.1289 20.8243 261.919 24824 36
-18.2593 2.2539 263.081 30967 36

22 312.5 325
-12.834 -0.293449 313.081 -32401 38
-18.2787 -3.40472 313.081 -30195 38
-28.5848 -9.82171 313.081 -28578 38
-31.9294 -17.7555 313.081 -26912 38
-7.29027 -7.81707 311.919 -24290 38
-2.79837 -8.38099 311.919 -20485 38
9.60604 -5.26795 325.581 -5802 39
28.3709 -0.0371232 324.419 -21 39
32.5128 1.7713 324.419 846 39
21.5261 3.19082 325.581 2115 39
6.82358 1.82787 324.419 3461 39
8.53478 3.07238 324.419 4336 39
5.73463 3.07238 324.419 5715 39
15.5351 11.395 324.419 6932 39
15.5864 11.4604 325.581 6942 39
14.2447 15.2523 325.581 8471 39
3.73176 4.9197 324.419 9316 39
3.40118 6.88369 324.419 10965 39
-2.35467 19.7955 324.419 18125 39
-2.87792 9.19592 313.081 20289 38
-15.422 28.8181 324.419 22095 39
-20.7094 2.56503 313.081 30962 38

22 387.5 400
-15.4267 -0.371231 388.081 -32382 40
-7.83474 -0.972271 386.919 -30959 40
-21.5455 -4.02697 388.081 -30187 40
-38.502 -11.9866 388.081 -28878 40
-38.6964 -12.1033 388.081 -28864 40
-8.61256 -9.13935 386.919 -24332 40
-3.73175 -11.1422 386.919 -20494 40
0.738927 -7.05693 400.581 -14831 41
11.1033 -6.18188 400.581 -5859 41
33.4073 0.0212131 399.419 10 41
39.202 2.23799 399.419 884 41
28.2153 4.24087 400.581 2140 41
7.73752 1.96399 399.419 3316 41
10.4599 3.83075 399.419 4391 41
6.88191 3.71408 399.419 5742 41
18.756 13.6189 400.581 6892 41
16.7142 17.8774 400.581 8467 41
4.87904 6.41699 399.419 9307 41
4.49013 8.98379 399.419 10924 41
-3.13248 25.9402 399.419 18149 41
-3.89086 12.6201 399.419 20244 41
-24.3651 2.99283 386.919 30975 40

26 487.5 500
-18.888 -0.487904 488.081 -32355 42
-25.4346 -1.64167 488.081 -31774 42
-7.30972 -0.913937 486.919 -30947 42
-10.4228 -1.30461 488.081 -30945 42
-25.9791 -4.80479 488.081 -30210 42
-5.11238 -2.29456 486.919 -27692 42
-10.3238 -10.9283 486.919 -24342 42
-4.93737 -14.9146 486.919 -20458 42
0.974041 -8.96435 486.919 -14778 42
13.0868 -7.3875 500.581 -5911 43
7.05869 -0.620485 500.581 -1323 43
40.0965 0.0212131 499.419 8 43
48.1469 2.78247 499.419 895 43
36.9852 5.69928 499.419 2187 43
9.00147 2.139 499.419 3145 43
13.0284 4.7659 500.581 4388 43
8.457 4.55023 499.419 5731 43
20.0005 21.3971 500.581 8468 43
6.35689 8.43932 499.419 9344 43
5.8902 11.8617 499.419 10947 43
-4.20905 34.2116 500.581 18178 43
-5.03814 16.5675 499.419 20204 43
-2.60569 5.19016 488.081 21860 42
-18.9787 7.35509 488.081 28191 42
-19.6788 7.35509 486.919 28310 42
-29.3237 3.59564 486.919 30978 42

28 587.5 600
-22.3428 -0.624022 588.081 -32322 44
-9.13936 -1.11016 588.081 -30993 44
-12.9701 -1.63519 588.081 -30933 44
-30.4516 -5.6215 588.081 -30214 44
-6.39578 -2.87793 586.919 -27683 44
-12.0738 -12.7562 586.919 -24350 44
-6.12354 -18.6287 586.919 -20437 44
-1.53442 -5.79474 586.919 -19814 44
1.22683 -11.2006 586.919 -14766 44
3.9103 -20.2103 586.919 -13727 44
3.18905 -4.21789 600.581 -9329 45
15.1285 -8.61256 600.581 -5943 45
8.76989 -0.776051 600.581 -1331 45
46.8052 0.0795496 599.419 27 45
47.3302 4.90591 599.419 1538 45
45.4634 7.09935 599.419 2212 45
10.1894 2.39355 600.581 3116 45
15.673 5.77706 600.581 4412 45
5.34573 2.5279 599.419 5260 45
10.0515 5.44472 599.419 5756 45
27.2431 19.4083 600.581 6816 45
7.87363 10.4228 599.419 9333 45
7.25138 14.7008 599.419 10971 45
-5.298 42.4176 600.581 18203 45
-6.24375 20.4955 599.419 20209 45
-3.03349 6.08465 588.081 21834 44
-4.74469 3.36229 588.081 25972 44
-34.2629 4.179 586.919 30986 44

26 637.5 650
-24.0734 -0.721249 638.081 -32291 46
-10.0338 -1.22683 638.081 -30982 46
-14.2341 -1.84908 638.081 -30884 46
-32.6489 -6.02985 638.081 -30213 46
-6.99859 -3.16961 636.919 -27660 46
-12.8906 -13.6507 636.919 -24341 46
-6.73873 -20.5026 638.081 -20436 46
-1.65109 -6.22254 636.919 -19819 46
-1.16496 -18.2982 636.919 -17364 46
1.3435 -12.3284 636.919 -14773 46
3.15016 -4.49013 650.581 -9628 47
3.44184 -4.58736 650.581 -9360 47
16.1592 -9.21537 650.581 -5950 47
9.60605 -0.834387 650.581 -1309 47
10.6367 2.56857 650.581 3186 47
16.937 6.2632 650.581 4423 47
5.73463 2.68347 649.419 5222 47
10.8293 5.83363 649.419 5735 47
29.3626 20.8667 650.581 6806 47
8.632 11.4145 649.419 9329 47
7.95141 16.1008 649.419 10967 47
-5.82302 46.5206 650.581 18206 47
-6.84656 22.4595 649.419 20211 47
-3.28628 6.5319 638.081 21867 46
-5.21138 3.67342 638.081 25994 46
-36.7519 4.49013 636.919 30984 46

25 687.5 700
-25.7846 -0.79903 688.081 -32275 48
-10.9283 -1.3435 688.081 -30974 48
-15.5369 -2.06298 688.081 -30847 48
-34.8462 -6.43821 686.919 -30212 48
-7.62084 -3.44184 686.919 -27670 48
-13.7974 -14.5328 688.081 -24363 48
-7.36098 -22.3693 688.081 -20440 48
-1.76777 -6.65034 686.919 -19824 48
1.44073 -13.4757 686.919 -14801 48
3.46129 -4.87904 700.581 -9584 49
3.67519 -4.89848 700.581 -9360 49
17.1898 -9.81818 700.581 -5956 49
17.1898 -9.81818 699.419 -5956 49
10.4616 -0.912167 700.581 -1313 49
11.1617 2.74357 700.581 3232 49
18.2787 6.74934 700.581 4418 49
22.9975 9.23835 700.581 4695 49
6.1041 2.85848 699.419 5225 49
11.6266 6.28088 699.419 5746 49
9.39038 12.4062 699.419 9325 49
8.6709 17.5592 699.419 10967 49
-7.46882 24.4429 699.419 20218 49
-3.50018 6.94025 688.081 21876 48
-5.63918 4.02344 688.081 25945 48
-39.2409 4.80126 686.919 30981 48

25 737.5 750
-27.4764 -0.896257 738.081 -32250 50
-11.8423 -1.47962 738.081 -30948 50
-16.8397 -2.27688 738.081 -30816 50
-37.063 -6.86601 736.919 -30207 50
-8.26254 -3.73352 736.919 -27668 50
-15.7031 -12.1994 738.081 -25604 50
-13.0461 -10.6172 736.919 -25416 50
-14.7114 -15.4079 738.081 -24386 50
-7.94435 -24.1972 738.081 -20433 50
-1.86499 -7.05869 736.919 -19808 50
1.53796 -14.623 736.919 -14824 50
3.69463 -5.26795 750.581 -9630 51
3.94742 -5.2485 750.581 -9351 51
18.162 -10.4015 749.419 -5966 51
11.3172 -0.98995 750.581 -1317 51
11.6089 3.15193 750.581 3498 51
19.6593 7.27436 750.581 4425 51
6.49301 3.05293 749.419 5239 51
12.4239 6.72812 749.419 5755 51
10.0904 13.4174 749.419 9351 51
9.38331 19.0247 750.581 10972 51
-8.07162 26.4458 749.419 20215 51
-3.71408 7.3875 738.081 21865 50
-6.14476 4.37346 738.081 25955 50
-41.691 5.07349 736.919 30990 50

