25 -287.5 -275
-13.1257 -0.196222 -286.919 -32526 0
-9.50705 -7.31149 -288.081 -25645 0
-12.6572 -13.6507 -288.081 -24266 0
-8.80701 -11.3561 -288.081 -23540 0
-15.4892 -22.3304 -286.919 -23094 0
-2.35113 -10.6561 -288.081 -19345 0
-4.17193 -30.4846 -286.919 -18356 0
7.29381 -26.2124 -288.081 -12817 0
4.82247 -6.318 -274.419 -9291 1
6.41699 -5.73464 -274.419 -7731 1
7.58372 -6.51245 -274.419 -7569 1
9.10046 -5.54018 -274.419 -6199 1
4.8207 4.68635 -275.581 8076 1
5.4624 5.44473 -275.581 8178 1
3.73176 3.75297 -275.581 8215 1
2.13723 10.7144 -275.581 13659 1
0.892721 8.45877 -275.581 14819 1
-3.40472 15.7897 -275.581 19290 1
-2.78247 10.2672 -275.581 19877 1
-4.7058 9.7015 -286.919 21735 0
-7.38927 10.8293 -286.919 23029 0
-13.1062 4.87904 -286.919 28323 0
-38.1131 5.38462 -288.081 30739 0
-12.134 1.41775 -286.919 31053 0
-23.2956 2.00111 -286.919 31471 0

25 -262.5 -250
-43.7911 -0.18974 -263.081 -32697 2
-11.6284 -0.176777 -261.919 -32522 2
-8.57367 -6.61145 -263.081 -25634 2
-11.4127 -12.3284 -263.081 -24260 2
-8.2431 -10.6367 -263.081 -23537 2
-8.95551 -20.2044 -261.919 -21415 2
-9.48054 -32.8893 -261.919 -20050 2
-2.11778 -9.64494 -263.081 -19333 2
6.57433 -23.7429 -263.081 -12831 2
4.4919 -5.87075 -249.419 -9282 3
6.02809 -5.34573 -249.419 -7700 3
6.8059 -5.81242 -249.419 -7547 3
8.47821 -5.15127 -249.419 -6192 3
4.27623 4.14188 -250.581 8061 3
1.96222 9.64494 -250.581 13614 3
0.795496 7.62261 -250.581 14835 3
-3.19082 14.7591 -250.581 19296 3
-2.62513 9.75984 -261.919 19856 2
-6.68923 9.81818 -261.919 23023 2
-30.2571 15.6518 -263.081 27182 2
-12.0951 4.56791 -261.919 28276 2
-35.099 4.93737 -263.081 30747 2
-11.1617 1.30108 -261.919 31057 2
-21.7789 1.88444 -261.919 31463 2
-44.8995 1.16496 -263.081 32353 2

28 -237.5 -225
-39.2214 -0.196222 -238.081 -32686 4
-10.1894 -0.137886 -236.919 -32549 4
-7.67918 -5.9503 -238.081 -25615 4
-10.1682 -11.0061 -238.081 -24251 4
-7.67918 -9.91717 -238.081 -23534 4
-8.70272 -28.6891 -236.919 -20197 4
-1.90388 -8.61433 -238.081 -19349 4
-5.75349 -36.2923 -236.919 -18625 4
-0.114904 -9.46993 -238.081 -16580 4
0.837923 -20.1973 -238.081 -15731 4
5.85484 -21.2733 -238.081 -12847 4
4.20021 -5.4624 -224.419 -9262 5
5.56139 -4.95682 -224.419 -7721 5
6.00864 -5.13183 -224.419 -7547 5
7.89485 -4.80125 -224.419 -6195 5
3.71231 3.61685 -225.581 8085 5
1.72888 8.55599 -225.581 13629 5
0.698268 6.78646 -225.581 14855 5
-2.97692 13.7285 -225.581 19303 5
-2.39179 8.82646 -236.919 19877 4
-6.00864 8.82646 -236.919 23019 4
-26.6305 13.717 -238.081 27197 4
-11.1033 4.19845 -236.919 28272 4
-18.2554 6.17021 -236.919 28629 4
-32.0461 4.52902 -238.081 30739 4
-10.1505 1.14551 -236.919 31106 4
-20.2621 1.76777 -236.919 31453 4
-41.0688 1.0807 -238.081 32347 4

24 -212.5 -200
-34.6129 -0.215668 -213.081 -32666 6
-8.71155 -0.137886 -211.919 -32512 6
-6.76524 -5.23082 -213.081 -25623 6
-8.90424 -9.66438 -213.081 -24240 6
-7.11526 -9.19769 -213.081 -23530 6
-7.74989 -24.5472 -211.919 -20315 6
-1.68999 -7.58372 -213.081 -19369 6
-4.96919 -31.2559 -211.919 -18631 6
5.11592 -18.8232 -213.081 -12882 6
3.8502 -5.0346 -199.419 -9284 7
5.15304 -4.54846 -199.419 -7681 7
5.23082 -4.47068 -199.419 -7550 7
7.31148 -4.45124 -199.419 -6200 7
17.706 12.1799 -199.419 6677 7
1.49553 7.46704 -200.581 13650 7
-2.76302 12.659 -200.581 19319 7
-2.11955 7.85419 -211.919 19865 6
-5.36694 7.79585 -211.919 23064 6
-22.9456 11.8405 -213.081 27191 6
-10.0338 3.82898 -211.919 28242 6
-29.0126 4.08825 -213.081 30744 6
-9.19769 1.04829 -211.919 31091 6
-18.7454 1.67702 -211.919 31422 6
-37.1797 0.951059 -213.081 32359 6

24 -137.5 -125
-20.5927 -0.15733 -136.919 -32643 8
-35.3907 -5.42704 -138.081 -30589 8
-4.10122 -3.15016 -138.081 -25650 8
-5.17072 -5.69751 -138.081 -24178 8
-5.42351 -7.03925 -138.081 -23513 8
-3.5373 -12.8145 -138.081 -19928 8
-2.64929 -16.2953 -138.081 -18675 8
3.96216 -29.5182 -138.081 -14445 8
5.89374 -28.6626 -138.081 -13589 8
9.03152 -42.262 -136.919 -13499 8
3.09359 -11.3561 -138.081 -12876 8
3.8502 -3.40118 -124.419 -7684 9
19.5038 -13.7656 -125.581 -6779 9
5.46417 -3.38174 -124.419 -6263 9
13.3961 9.17825 -125.581 6661 9
16.5976 15.7384 -124.419 7974 9
16.5976 24.9945 -124.419 9845 9
-2.08243 9.56715 -125.581 19312 9
-3.18905 4.68458 -136.919 23019 8
-11.7062 6.14947 -136.919 27125 8
-6.88368 2.62337 -136.919 28247 8
-19.776 2.79838 -136.919 30736 8
-14.1466 1.42747 -136.919 31266 8
-25.2791 0.588078 -136.919 32395 8

27 -62.5 -50
-11.6478 -1.67408 -61.919 -30709 10
-29.4987 -17.736 -61.919 -26616 10
-7.36805 -5.01692 -63.081 -26131 10
-3.7512 -4.82247 -63.081 -23552 10
-8.53478 -12.4062 -63.081 -23061 10
0.875045 -6.57079 -49.419 -14458 11
1.36295 -10.1311 -63.081 -14441 10
3.1973 -22.3234 -63.081 -14331 10
1.30284 -6.37634 -49.419 -13604 11
2.03058 -9.8005 -63.081 -13572 10
10.7544 -42.2426 -61.919 -13059 10
13.6849 -25.6291 -63.081 -10680 10
9.72272 -6.86247 -49.419 -6779 11
15.4202 -4.50957 -49.419 -3707 11
8.98202 6.1642 -50.581 6667 11
4.41235 4.16132 -50.581 7952 11
19.0438 20.2537 -49.419 8444 11
4.3929 6.63089 -50.581 9855 11
1.8644 32.6365 -49.419 15498 11
-1.4973 6.92081 -61.919 19298 10
-9.82643 16.5074 -61.919 22497 10
-10.1505 17.013 -63.081 22506 10
-14.1757 16.838 -63.081 23872 10
-10.2477 7.85419 -61.919 25659 10
-10.695 1.53442 -61.919 30712 10
-9.64494 1.02884 -61.919 31188 10
-13.6313 0.387142 -61.919 32315 10

31 -37.5 -25
-35.274 -1.29165 -38.081 -32189 12
-16.3731 -6.34746 -36.919 -28190 12
-25.0068 -15.0331 -36.919 -26616 12
-6.86247 -4.22614 -38.081 -26523 12
-3.16784 -4.08354 -38.081 -23541 12
-3.07061 -4.453 -38.081 -23070 12
-6.76525 -9.97551 -38.081 -23005 12
-1.93629 -9.87828 -38.081 -19069 12
-0.231577 -10.0922 -38.081 -16751 12
1.93983 -13.4951 -38.081 -14324 12
6.61322 -25.7263 -38.081 -13033 12
7.32784 -27.6271 -38.081 -12949 12
5.23082 -9.91541 -24.419 -10725 13
8.30497 -15.5563 -38.081 -10681 12
6.51422 -4.58736 -24.419 -6770 13
27.457 -12.1516 -25.581 -5026 13
19.4454 -5.56611 -24.419 -3646 13
23.4642 11.8311 -24.419 5491 13
7.52361 5.17249 -25.581 6674 13
7.73751 17.1703 -25.581 11294 13
4.65807 22.9332 -24.419 13617 13
1.24922 22.3623 -25.581 15517 13
-0.106066 35.67 -24.419 16432 13
-0.410711 33.706 -24.419 16581 13
-3.22794 5.6763 -36.919 22323 12
-10.0338 11.9183 -36.919 23872 12
-9.1588 2.02056 -36.919 29806 12
-7.68095 1.12607 -36.919 30673 12
-8.16708 0.951057 -36.919 31059 12
-33.3586 2.63309 -38.081 31569 12
-9.76161 0.289913 -36.919 32295 12

25 -12.5 0
-21.04 -0.814587 -11.919 -32157 14
-10.2071 -3.94094 -13.081 -28204 14
-20.5247 -12.3399 -11.919 -26616 14
-16.337 -24.1427 -11.919 -22996 14
-4.75529 -24.0027 -11.919 -19093 14
-0.231578 -23.8984 -13.081 -16541 14
8.55599 -12.5989 0.581 -9757 15
14.7785 -9.19592 0.581 -6284 15
13.4562 -5.87724 0.581 -4980 15
17.6435 -5.24202 0.581 -3752 15
33.8351 -9.71447 -0.581 -3654 15
6.04576 4.16132 -0.581 6679 15
14.2447 31.742 0.581 11308 15
0.691786 11.5895 -0.581 15461 15
-0.351786 19.076 -0.581 16680 15
-0.622254 6.78469 -11.919 17760 14
-1.94242 20.5344 -0.581 17799 15
-3.55852 8.74868 -11.919 21121 14
-6.06698 7.25138 -11.919 23847 14
-26.9125 14.9777 -13.081 26909 14
-20.8066 4.61976 -11.919 29791 14
-6.65034 0.834387 -11.919 30941 14
-9.89773 1.08718 -11.919 31146 14
-10.238 0.785772 -11.919 31600 14
-10.2672 0.546595 -11.919 31939 14

16 12.5 25
-16.2935 -9.74216 11.919 -26637 16
-7.57488 -38.5674 13.081 -19073 16
1.86912 -38.8591 13.081 -15632 16
34.7296 -10.2771 24.419 -3741 17
4.56791 3.15016 24.419 6687 17
5.0346 8.49117 24.419 10285 17
-4.08849 42.6704 25.581 17816 17
-1.28517 10.52 24.419 18167 17
-6.45765 15.8869 24.419 21119 17
-2.91681 5.26795 13.081 22222 16
-3.50018 4.37346 13.081 23667 16
-20.8261 18.5881 11.919 25041 16
-21.1177 11.7498 11.919 26910 16
-31.8905 6.91433 11.919 29848 16
-29.3043 3.30396 11.919 31107 16
-30.4029 1.64137 11.919 31928 16

26 37.5 50
-16.7231 -4.46255 38.081 -29316 18
-11.7822 -7.0198 36.919 -26650 18
-5.48184 -4.14188 36.919 -25716 18
-7.8536 -31.7809 38.081 -19630 18
4.30392 -10.3626 50.581 -11576 19
20.5556 -30.5877 36.919 -9798 18
4.76413 -2.60392 50.581 -5790 19
8.41811 2.48902 49.419 3738 19
12.9896 4.13068 50.581 3953 19
23.5549 8.55128 50.581 4363 19
24.3262 16.0637 50.581 6516 19
11.5683 9.29492 49.419 7299 19
7.62084 12.8923 49.419 10297 19
2.00111 6.65034 49.419 12594 19
-1.74797 18.2398 49.419 17816 19
-1.73241 13.2618 49.419 18276 19
-8.44109 20.8261 49.419 21109 19
-15.0136 28.4098 49.419 22048 19
-4.8808 8.82646 38.081 22217 18
-3.8502 5.73464 38.081 22965 18
-4.14188 5.48184 38.081 23435 18
-5.83363 7.32916 38.081 23645 18
-5.28916 6.39578 38.081 23800 18
-15.0313 13.4156 36.919 25041 18
-15.0702 8.39866 38.081 26904 18
-24.579 3.94267 36.919 30503 18

32 62.5 75
-31.6766 -11.7274 63.081 -28341 20
-7.30972 -4.33633 61.919 -26667 20
-29.596 -22.1735 63.081 -25750 20
-18.4643 -14.5717 63.081 -25541 20
-12.6378 -10.4033 61.919 -25370 20
-6.14299 -9.78106 61.919 -22704 20
-9.98612 -21.611 63.081 -21562 20
-4.94385 -19.9899 61.919 -19632 20
0.811996 -9.87828 61.919 -15139 20
1.63518 -12.7368 61.919 -14519 20
4.94739 -16.762 61.919 -12650 20
8.96435 -12.3655 75.581 -9498 21
14.1096 -19.3853 74.419 -9482 21
20.4778 -28.0987 61.919 -9477 20
5.40583 -5.85131 75.581 -8516 21
6.33921 -3.47897 75.581 -5805 21
4.78358 -2.4678 75.581 -5575 21
26.4652 8.42164 75.581 3955 21
21.7895 17.5857 75.581 7317 21
10.3685 17.4691 75.581 10281 21
2.6817 8.92545 74.419 12598 21
-3.6251 26.8736 74.419 18331 21
-2.21855 16.0036 74.419 18378 21
-6.84479 12.385 63.081 22215 20
-11.7839 17.4019 61.919 22999 20
-15.9665 23.529 74.419 23007 21
-5.3086 7.58195 63.081 23131 20
-5.79474 7.70511 63.081 23416 20
-8.18653 10.3043 63.081 23637 20
-9.02268 8.05512 63.081 25040 20
-7.17537 4.54846 63.081 26411 20
-9.29492 5.34573 63.081 26785 20

28 87.5 100
-11.5877 -8.61433 86.919 -25781 22
-22.0617 -18.0135 88.081 -25403 22
-10.6862 -17.0607 88.081 -22693 22
-3.90676 -8.41987 86.919 -21576 22
-1.8974 -7.58372 86.919 -19662 22
-3.69286 -16.198 86.919 -19425 22
2.82136 -21.74 86.919 -14501 22
6.29561 -30.8405 86.919 -13606 22
8.2682 -8.87702 100.581 -8482 23
19.9899 -16.9482 99.419 -7517 23
7.93374 -4.37346 100.581 -5822 23
5.69751 -2.91505 100.581 -5545 23
13.0002 21.8637 100.581 10274 23
3.36229 11.2006 99.419 12601 23
1.66347 33.1615 100.581 15601 23
-2.66579 18.7843 99.419 18420 23
-4.04465 7.65973 88.081 22045 22
-9.6856 17.5592 99.419 22208 23
-8.80878 15.9435 88.081 22214 22
-8.96435 12.7155 88.081 23158 22
-3.48073 4.85959 88.081 23221 22
-7.4476 9.9154 88.081 23411 22
-10.52 13.26 88.081 23632 22
-19.4065 23.2355 86.919 23840 22
-11.9978 7.65973 88.081 26383 22
-7.79762 1.55387 88.081 30045 22
-24.9124 1.66221 88.081 31743 22
-26.8979 1.79207 86.919 31744 22

33 112.5 125
-4.97626 -3.65574 111.919 -25829 24
-3.51786 -4.20021 111.919 -23851 24
-3.09005 -4.86136 111.919 -22751 24
-15.003 -23.9444 113.081 -22695 24
-8.45965 -22.7874 113.081 -20819 24
4.04701 -31.1587 113.081 -14500 24
4.00105 -30.7238 111.919 -14496 24
7.63145 -45.4899 113.081 -14030 24
11.1228 -11.9961 125.581 -8501 25
11.1033 -11.8211 125.581 -8448 25
4.278 -3.98455 125.581 -7901 25
5.81419 -5.28739 125.581 -7803 25
5.17249 -4.10122 125.581 -7245 25
5.11415 -2.95394 125.581 -5998 25
9.52826 -5.26795 125.581 -5833 25
6.57256 -3.40118 125.581 -5587 25
17.5349 -4.8839 125.581 -3569 25
17.2967 -4.57763 125.581 -3428 25
5.75408 1.57508 124.419 3521 25
15.6058 26.2584 125.581 10276 25
9.37482 17.462 124.419 10660 25
10.1806 19.1219 125.581 10691 25
4.06233 13.4562 124.419 12584 25
6.71928 39.1507 125.581 13983 25
2.07182 42.1259 125.581 15615 25
-3.09359 21.4678 124.419 18447 25
-11.6836 21.1129 124.419 22220 25
-12.4062 17.6352 111.919 23150 24
-4.90025 6.78469 113.081 23254 24
-9.11991 12.1322 113.081 23414 24
-12.7562 16.0407 111.919 23641 24
-16.5092 10.6932 111.919 26327 24
-9.31436 1.78721 113.081 30130 24

34 137.5 150
-4.97626 -2.93626 136.919 -26688 26
-18.3671 -13.6967 138.081 -25769 26
-4.19844 -4.95859 136.919 -23895 26
-3.94566 -6.18365 136.919 -22766 26
-13.0585 -29.078 138.081 -21461 26
-2.2539 -5.93086 136.919 -20895 26
5.22021 -40.1619 138.081 -14499 26
4.33633 -7.15415 150.581 -10200 27
13.8257 -15.0101 149.419 -8528 27
13.8452 -14.6406 149.419 -8420 27
4.8808 -4.50957 150.581 -7868 27
12.2312 -10.771 150.581 -7671 27
6.43644 -5.32628 150.581 -7418 27
5.25027 -3.3234 150.581 -6350 27
6.3781 -3.67342 150.581 -5987 27
11.1617 -6.12354 150.581 -5804 27
7.42816 -3.86787 150.581 -5610 27
8.78934 -4.52902 150.581 -5571 27
35.4879 -9.9543 149.419 -3588 27
34.5934 -8.98202 149.419 -3377 27
12.6201 3.42416 150.581 3496 27
6.45411 5.03637 149.419 7181 27
3.86787 4.08354 149.419 8414 27
4.78181 15.7314 149.419 12564 27
-3.50195 24.2096 149.419 18454 27
-13.5941 24.6568 149.419 22206 27
-17.8527 25.3374 149.419 23156 27
-16.0425 22.7494 136.919 23159 26
-6.31329 8.76812 138.081 23242 26
-10.7922 14.349 138.081 23417 26
-15.1091 19.0159 136.919 23638 26
-21.215 13.8434 136.919 26298 26
-6.66979 2.09834 138.081 28847 26
-10.7728 1.76777 138.081 30458 26

38 162.5 175
-6.39578 -2.17789 161.919 -28606 28
-8.57367 -5.13359 161.919 -26631 28
-4.84014 -5.75585 161.919 -23868 28
-4.74292 -7.48649 161.919 -22738 28
-3.86787 -10.2283 161.919 -20879 28
0.2139 -7.15415 175.581 -15908 29
6.57256 -10.8682 175.581 -10209 29
16.587 -18.1603 174.419 -8562 29
16.7036 -17.6547 174.419 -8418 29
5.44472 -5.07349 175.581 -7902 29
18.3954 -15.8852 174.419 -7592 29
7.54483 -6.47356 175.581 -7565 29
6.28088 -4.00399 175.581 -6378 29
7.68095 -4.3929 175.581 -5961 29
12.7757 -7.03748 175.581 -5819 29
8.32265 -4.29567 175.581 -5577 29
13.3785 -6.86247 175.581 -5554 29
5.98743 1.26395 174.419 2855 29
19.1926 5.17425 175.581 3479 29
9.85707 7.70039 174.419 7185 29
4.50957 4.72524 174.419 8383 29
3.45952 3.83075 174.419 8609 29
3.1484 4.10299 174.419 9270 29
5.48184 17.987 174.419 12557 29
2.19557 7.77818 174.419 12777 29
-3.81307 26.893 174.419 18418 29
-15.5776 28.1959 174.419 22214 29
-21.4695 30.5099 174.419 23151 29
-19 26.3291 174.419 23251 29
-7.75873 10.7321 163.081 23258 28
-12.3673 16.4296 161.919 23420 28
-17.4426 21.9716 161.919 23634 28
-4.12243 3.12895 163.081 25698 28
-25.8624 17.0908 161.919 26248 28
-6.28088 2.29279 163.081 28386 28
-7.19481 2.31224 163.081 28783 28
-11.2784 3.54378 163.081 28850 28
-12.0951 1.84555 163.081 30598 28

40 187.5 200
-7.52361 -2.5279 186.919 -28647 30
-12.1516 -7.31148 186.919 -26613 30
-4.3929 -2.97515 186.919 -26152 30
-5.48185 -6.51422 186.919 -23871 30
-5.57907 -8.82823 186.919 -22728 30
-5.4624 -14.5452 186.919 -20857 30
0.29345 -7.54483 186.919 -15770 30
2.52791 -5.57907 200.581 -11275 31
8.82823 -14.6018 200.581 -10210 31
19.426 -21.3882 199.419 -8585 31
19.5232 -20.7076 199.419 -8433 31
6.04753 -5.59852 200.581 -7876 31
8.63377 -7.69214 200.581 -7719 31
24.9485 -21.1549 199.419 -7517 31
7.36982 -4.70403 200.581 -6383 31
8.9449 -5.09942 200.581 -5948 31
14.3702 -7.93197 200.581 -5827 31
9.17825 -4.76236 200.581 -5597 31
6.84303 1.45841 199.419 2878 31
25.7652 6.92434 200.581 3470 31
13.2989 10.3255 199.419 7160 31
5.13183 5.38639 199.419 8390 31
4.66514 5.15304 199.419 8599 31
4.27623 5.50306 199.419 9219 31
6.20133 20.2621 199.419 12544 31
2.95394 10.52 199.419 12792 31
-4.06586 29.5182 199.419 18367 31
-17.5221 31.7738 199.419 22207 31
-21.5473 29.8099 199.419 23258 31
-9.21714 12.735 188.081 23263 30
-21.7029 29.9654 199.419 23265 31
-14.0396 18.6464 186.919 23421 30
-4.18725 5.50129 188.081 23464 30
-19.776 24.9273 186.919 23632 30
-5.77529 4.3929 188.081 25689 30
-10.1505 3.24562 188.081 28798 30
-8.40043 2.66226 188.081 28825 30
-15.8675 4.99571 188.081 28844 30
-13.2618 1.84555 188.081 30766 30
-9.41159 0.251022 188.081 32342 30

40 212.5 225
-8.63201 -2.93626 211.919 -28609 32
-5.50129 -2.21678 211.919 -28062 32
-15.749 -9.43104 211.919 -26631 32
-5.65685 -3.88909 211.919 -26093 32
-6.12354 -7.27259 211.919 -23873 32
-4.23734 -6.66978 211.919 -22749 32
-6.39578 -10.1116 211.919 -22731 32
-7.07637 -18.8426 211.919 -20857 32
0.449014 -8.40043 211.919 -15552 32
3.18905 -7.01804 225.581 -11265 33
11.0061 -18.1797 224.419 -10205 33
22.2067 -24.6356 224.419 -8616 33
22.4206 -23.6828 224.419 -8416 33
6.61145 -6.16244 225.581 -7904 33
9.76161 -8.92369 225.581 -7824 33
8.41987 -5.36517 225.581 -6376 33
10.2089 -5.83186 225.581 -5956 33
15.9453 -8.80701 225.581 -5829 33
10.0727 -5.26795 225.581 -5626 33
22.3039 -11.4321 224.419 -5552 33
7.38927 -0.406588 225.581 -854 33
7.71807 1.63342 224.419 2861 33
32.3572 8.69388 225.581 3469 33
16.8892 13.0744 225.581 7149 33
5.81242 6.02808 224.419 8341 33
5.87075 6.47533 224.419 8593 33
5.34573 6.96147 224.419 9267 33
6.95263 22.6221 225.581 12532 33
3.71231 13.2229 224.419 12792 33
-4.30628 32.2476 225.581 18314 33
-1.40007 7.64029 213.081 18921 32
-10.6755 14.6601 213.081 23287 32
-15.7119 20.8632 211.919 23422 32
-5.38639 7.07637 213.081 23465 32
-7.42816 5.65685 213.081 25684 32
-13.1062 4.179 213.081 28806 32
-20.4955 6.4606 213.081 28841 32
-10.5394 3.01228 213.081 29126 32
-14.3507 1.92333 213.081 30831 32
-12.1145 0.309359 213.081 32360 32

44 237.5 250
-12.8729 -3.57325 238.081 -29208 34
-9.77929 -3.30572 236.919 -28628 34
-6.70691 -2.72236 236.919 -28037 34
-19.5232 -11.6496 238.081 -26645 34
-6.94025 -4.82247 236.919 -26050 34
-6.76524 -8.06985 236.919 -23855 34
-4.72347 -7.42816 236.919 -22752 34
-7.25138 -11.4339 236.919 -22742 34
-4.6068 -7.38927 236.919 -22675 34
-8.74809 -23.3416 238.081 -20850 34
0.682361 -9.25603 236.919 -15259 34
3.81131 -8.41811 250.581 -11277 35
12.1552 -20.0288 236.919 -10196 34
10.7922 -10.2265 250.581 -7971 35
7.2337 -6.70691 250.581 -7882 35
9.48937 -6.00687 250.581 -6350 35
11.5117 -6.55134 250.581 -5942 35
17.4814 -9.64317 249.419 -5824 35
10.9478 -5.75408 250.581 -5644 35
26.8542 -13.7656 249.419 -5552 35
10.345 -0.873278 250.581 -1275 35
8.9449 -0.484367 250.581 -841 35
7.05693 0.350018 249.419 774 35
8.57367 1.78898 249.419 2828 35
38.6381 10.3856 249.419 3470 35
4.89848 2.50846 249.419 5548 35
20.3505 15.6801 250.581 7130 35
6.47356 6.68923 249.419 8326 35
7.05692 7.81707 249.419 8610 35
6.43467 8.36154 249.419 9258 35
7.69155 24.8778 250.581 12514 35
4.47068 15.9258 249.419 12792 35
-4.57852 34.9311 250.581 18282 35
-1.81019 10.1505 249.419 18863 35
-12.0756 16.5657 236.919 23291 34
-17.3842 23.08 236.919 23422 34
-6.592 8.6709 238.081 23460 34
-9.10046 6.94025 238.081 25679 34
-5.23082 2.21501 238.081 27894 34
-16.0619 5.11238 238.081 28812 34
-24.8902 7.87363 236.919 28830 34
-12.6395 3.37526 238.081 29314 34
-15.1772 2.26363 238.081 30641 34
-14.8563 0.328804 238.081 32413 34

43 262.5 275
-10.9283 -3.67696 263.081 -28643 36
-10.8682 -3.69463 261.919 -28611 36
-7.99031 -3.22794 261.919 -28053 36
-23.1595 -13.7302 263.081 -26669 36
-8.2431 -5.69751 261.919 -26071 36
-7.40694 -8.86712 261.919 -23840 36
-5.22906 -8.24486 261.919 -22742 36
-8.04864 -12.7368 261.919 -22728 36
-4.97626 -8.10875 261.919 -22614 36
-10.375 -27.639 263.081 -20855 36
2.04177 -6.02632 275.581 -12237 37
4.47245 -9.85707 275.581 -11270 37
14.4108 -23.7623 261.919 -10198 36
11.9201 -11.5488 275.581 -8062 37
7.77817 -7.25138 275.581 -7904 37
10.5589 -6.68746 275.581 -6353 37
12.7951 -7.29027 275.581 -5946 37
19.0565 -10.5182 274.419 -5826 37
11.8228 -6.24022 275.581 -5660 37
12.0853 -1.01912 275.581 -1274 37
10.4422 -0.581596 275.581 -864 37
8.36154 0.410122 275.581 766 37
9.45048 1.96576 275.581 2821 37
5.73464 2.91681 274.419 5523 37
23.8118 18.2858 275.581 7116 37
7.13471 7.35038 274.419 8313 37
8.28199 9.11991 274.419 8586 37
7.53658 9.8005 274.419 9261 37
8.41104 27.1529 275.581 12509 37
5.22905 18.6676 274.419 12798 37
-4.83131 37.5173 275.581 18253 37
-2.12132 11.8617 274.419 18869 37
-13.5146 18.5103 261.919 23298 36
-19.0565 25.2967 261.919 23423 36
-7.77817 10.246 263.081 23454 36
-10.7339 8.26254 263.081 25641 36
-6.20309 2.60392 263.081 27923 36
-19.0079 6.09438 263.081 28790 36
-29.4987 9.33204 261.919 28830 36
-14.7785 3.7512 263.081 29451 36
-23.8207 5.52074 261.919 29685 36
-15.7119 2.19557 263.081 30759 36
-17.5787 0.406586 263.081 32397 36

46 312.5 325
-13.1451 -4.41588 313.081 -28648 38
-10.4599 -4.25855 311.919 -28027 38
-30.3543 -17.8916 313.081 -26692 38
-10.8099 -7.48649 311.919 -26064 38
-8.69034 -10.4616 311.919 -23818 38
-6.318 -9.8005 311.919 -22806 38
-9.7015 -15.3619 311.919 -22725 38
-5.57907 -9.45048 311.919 -22465 38
2.62513 -7.77641 325.581 -12249 39
5.77529 -12.7155 325.581 -11266 39
18.9222 -31.2683 311.919 -10207 38
14.1563 -14.5629 324.419 -8307 39
8.96435 -8.32088 325.581 -7887 39
12.6784 -7.95142 325.581 -6314 39
15.3619 -8.76812 325.581 -5953 39
22.1872 -12.3266 324.419 -5851 39
13.5729 -7.21249 325.581 -5685 39
5.46417 -2.87616 325.581 -5650 39
27.7059 -7.71807 324.419 -3569 39
15.0702 -1.47609 325.581 -1461 39
15.5758 -1.3983 325.581 -1349 39
13.4854 -0.766327 325.581 -880 39
7.27259 0.0212135 325.581 47 39
7.21249 0.0388908 324.419 87 39
10.7728 0.487904 325.581 709 39
11.2006 2.31577 325.581 2807 39
7.3875 3.75297 324.419 5519 39
8.37922 8.67266 324.419 8332 39
10.6932 11.7645 324.419 8582 39
9.70151 12.7173 324.419 9293 39
9.86944 31.6837 325.581 12492 39
6.81651 24.1583 325.581 12778 39
-5.43412 42.6315 325.581 18236 39
-2.74357 15.2841 324.419 18877 39
-2.10011 6.55134 313.081 20361 38
-16.3731 22.4577 311.919 23292 38
-10.1505 13.435 313.081 23435 38
-14.0396 10.8682 313.081 25619 38
-5.91141 2.97338 313.081 27284 38
-8.12819 3.40118 313.081 27934 38
-24.7929 7.89308 311.919 28811 38
-18.7843 4.33456 313.081 29696 38
-16.7814 2.29279 313.081 30798 38
-23.0234 0.484367 313.081 32430 38
-12.8243 0.105183 313.081 32634 38
-12.9993 0.0857372 313.081 32660 38

45 387.5 400
-18.3565 -0.682358 388.081 -32180 40
-16.4508 -5.51779 388.081 -28652 40
-14.2341 -5.81595 388.081 -28015 40
-14.7184 -10.1894 386.919 -26065 40
-10.596 -12.834 386.919 -23793 40
-7.99031 -12.2506 386.919 -22851 40
-12.2223 -19.3747 388.081 -22721 40
-6.20133 -11.2395 386.919 -22209 40
-0.743053 -34.6394 388.081 -16728 40
3.53907 -10.4015 400.581 -12224 41
7.35214 -16.198 386.919 -11269 40
17.4426 -19.0937 399.419 -8562 41
10.7339 -9.97374 400.581 -7891 41
15.8675 -9.89596 400.581 -6293 41
19.2121 -11.0627 399.419 -5986 41
26.893 -15.0101 399.419 -5868 41
16.1397 -8.69034 400.581 -5734 41
7.31148 -3.82898 400.581 -5631 41
19.4065 -2.4678 400.581 -1848 41
20.7094 -1.90389 400.581 -1379 41
18.0454 -1.02884 400.581 -883 41
26.2513 -0.808458 400.581 -489 41
9.68383 0.0212135 400.581 35 41
14.4091 0.662912 400.581 720 41
13.7285 2.89914 400.581 2856 41
9.87651 4.99747 399.419 5504 41
18.2699 17.0218 400.581 7902 41
10.2849 10.5783 399.419 8307 41
14.3419 15.8162 400.581 8592 41
12.8251 16.7107 400.581 9269 41
13.0002 17.1191 400.581 9312 41
9.18885 32.2865 400.581 12754 41
1.14551 6.33921 399.419 13876 41
-3.63806 20.4566 399.419 18857 41
-2.80014 8.8848 388.081 20310 40
-21.3723 29.4015 399.419 23280 41
-13.6701 18.1214 386.919 23429 40
-18.8815 14.7379 386.919 25585 40
-8.01152 3.98455 388.081 27325 40
-11.045 4.6068 388.081 27945 40
-13.3979 4.50957 388.081 28642 40
-33.6795 10.6738 386.919 28825 40
-24.5401 5.19017 386.919 29907 40
-16.1008 0.795496 388.081 31996 40
-31.0738 0.678822 386.919 32417 40

43 487.5 500
-20.2621 -3.59917 488.081 -30296 42
-20.9233 -6.9049 488.081 -28702 42
-5.36517 -2.08066 486.919 -28189 42
-19.1926 -7.85772 488.081 -28008 42
-13.1557 -16.0301 488.081 -23769 42
-10.0904 -15.5952 486.919 -22820 42
-15.5475 -24.6055 488.081 -22727 42
-7.05692 -13.7285 486.919 -21946 42
4.57145 -13.3785 486.919 -12211 42
9.97728 -21.8956 486.919 -11255 42
13.0479 -12.1322 500.581 -7894 43
22.8873 -14.8545 499.419 -6448 43
20.0677 -12.385 499.419 -6252 43
24.3651 -14.1545 499.419 -6020 43
19.5038 -10.5377 499.419 -5747 43
9.74216 -5.17072 500.581 -5680 43
25.6291 -4.41235 499.419 -2406 43
27.6125 -2.58448 499.419 -1402 43
24.0734 -1.37886 500.581 -887 43
12.9215 -0.00795555 500.581 -10 43
19.2899 0.915703 500.581 742 43
26.2124 2.86025 500.581 1611 43
17.1314 3.6964 500.581 2907 43
13.2017 6.65034 499.419 5488 43
12.91 13.1646 499.419 8271 43
19.1838 21.1248 500.581 8586 43
17.4726 22.9916 500.581 9309 43
8.95551 29.8753 500.581 12605 43
1.41775 8.01152 499.419 13920 43
-4.84368 27.3792 499.419 18846 43
-1.69175 6.33745 488.081 19836 42
-3.83252 12.3284 499.419 20269 43
-13.6233 25.0749 499.419 22151 43
-18.4537 24.4606 486.919 23429 42
-4.78358 4.02344 488.081 25283 42
-25.3569 20.0854 486.919 25526 42
-15.5369 10.1488 488.081 26294 42
-10.8506 5.34573 488.081 27360 42
-5.60029 2.50669 488.081 27702 42
-14.8952 6.20133 488.081 27951 42
-32.2989 6.25966 486.919 30108 42
-20.301 1.80666 488.081 31429 42
-41.9438 0.892722 486.919 32426 42

40 587.5 600
-25.3763 -8.32441 588.081 -28720 44
-19.8149 -7.19658 588.081 -28402 44
-6.5319 -2.54735 586.919 -28171 44
-24.1707 -9.91894 588.081 -28000 44
-25.2596 -17.1915 588.081 -26132 44
-15.7809 -19.1608 588.081 -23783 44
-12.1835 -19.0247 588.081 -22780 44
-8.0292 -16.2564 586.919 -21800 44
-2.07889 -5.25027 586.919 -21031 44
5.81595 -16.8786 586.919 -12185 44
12.5441 -27.5736 586.919 -11261 44
4.47245 -7.67918 600.581 -10353 45
15.3619 -14.2906 599.419 -7896 45
24.3457 -14.9518 599.419 -6233 45
29.5311 -17.2852 599.419 -6049 45
22.9262 -12.4433 599.419 -5764 45
12.2312 -6.45412 600.581 -5659 45
31.6961 -7.52362 599.419 -3142 45
34.574 -3.24562 599.419 -1406 45
30.121 -1.70943 599.419 -879 45
16.1786 0.0601044 600.581 60 45
24.1512 1.11016 600.581 720 45
6.86247 1.32229 599.419 2646 45
20.5149 4.47422 600.581 2933 45
26.3388 6.52571 600.581 3253 45
16.5481 8.32441 600.581 5483 45
4.25678 3.07238 599.419 6868 45
15.5281 15.8357 600.581 8272 45
4.04288 4.29744 599.419 8442 45
1.76777 9.68383 599.419 13854 45
-6.05637 34.3866 600.581 18837 45
-2.10011 7.95142 588.081 19807 44
-4.7659 15.4397 599.419 20248 45
-5.67807 4.76237 588.081 25294 44
-20.0288 15.224 586.919 25692 44
-13.6507 6.66802 588.081 27391 44
-6.68923 2.97338 588.081 27726 44
-18.726 7.77641 588.081 27960 44
-24.3068 2.70115 588.081 31129 44
-24.3068 2.70115 586.919 31129 44

39 637.5 650
-27.5931 -9.02445 638.081 -28730 46
-7.13471 -2.76125 636.919 -28196 46
-26.6597 -10.9301 638.081 -28003 46
-19.251 -9.82171 638.081 -27232 46
-27.9042 -18.9027 638.081 -26151 46
-17.0643 -20.7165 638.081 -23784 46
-13.2724 -20.697 638.081 -22785 46
-8.49589 -17.5009 636.919 -21738 46
-2.31224 -5.79474 636.919 -21056 46
6.39932 -18.6287 636.919 -12194 46
13.8469 -30.4321 636.919 -11260 46
4.9197 -8.43755 650.581 -10349 47
16.5092 -15.3601 649.419 -7896 47
26.4847 -16.2352 649.419 -6226 47
24.6179 -13.3572 649.419 -5762 47
13.4951 -7.13471 650.581 -5666 47
34.5545 -9.21537 649.419 -3449 47
38.0742 -3.47897 649.419 -1371 47
33.2128 -1.88444 649.419 -879 47
17.7926 0.0795479 650.581 72 47
26.6014 1.22683 650.581 722 47
7.52361 1.43896 649.419 2630 47
22.1872 4.90202 650.581 2964 47
26.368 8.30497 650.581 3924 47
18.162 9.12168 650.581 5477 47
4.6068 3.34462 649.419 6891 47
16.8115 17.1968 650.581 8284 47
4.35401 4.64746 649.419 8459 47
1.88444 10.5005 649.419 13891 47
-6.63973 37.8479 650.581 18829 47
-2.29456 8.76812 638.081 19782 46
-5.23259 16.9953 649.419 20240 47
-22.9197 21.8743 636.919 24767 46
-6.14476 5.15127 638.081 25296 46
-15.0508 7.36805 638.081 27383 46
-7.2337 3.20673 638.081 27735 46
-20.6122 8.57367 636.919 27955 46
-5.56139 2.15668 638.081 28189 46
-26.3291 3.09006 636.919 31047 46

40 687.5 700
-29.8293 -9.74393 688.081 -28733 48
-7.69863 -3.01404 686.919 -28158 48
-29.1293 -11.9996 688.081 -27987 48
-18.8621 -11.6107 688.081 -26525 48
-30.5682 -20.5945 688.081 -26172 48
-18.406 -22.2915 688.081 -23793 48
-14.3419 -22.3499 688.081 -22788 48
-8.95551 -18.7525 688.081 -21679 48
-2.52614 -6.35866 686.919 -21042 48
7.02157 -20.3399 686.919 -12179 48
15.1303 -33.2711 686.919 -11262 48
5.3799 -9.23481 700.581 -10352 49
17.6565 -16.4296 699.419 -7897 49
28.6237 -17.5186 699.419 -6220 49
16.3536 -9.05981 700.581 -5840 49
26.368 -14.3295 699.419 -5768 49
14.7202 -7.77641 700.581 -5663 49
26.5041 -7.19304 699.419 -3497 49
41.5549 -3.73176 699.419 -1350 49
36.2463 -2.04 699.419 -872 49
19.4065 0.0989952 700.581 83 49
28.9737 1.3435 699.419 726 49
8.2431 1.57508 699.419 2628 49
23.879 5.27148 700.581 2962 49
26.4069 10.1328 700.581 4543 49
19.8343 9.93839 700.581 5469 49
4.97626 3.6363 699.419 6917 49
18.1143 18.4608 700.581 8269 49
4.68458 4.97803 699.419 8440 49
2.04 11.3561 699.419 13888 49
-7.24254 41.2897 700.581 18829 49
-2.52968 9.78106 699.419 19750 49
-2.48902 9.58483 688.081 19761 48
-5.69928 18.5509 699.419 20234 49
-6.592 5.52074 688.081 25300 48
-16.4508 7.99031 688.081 27411 48
-7.79762 3.45952 688.081 27732 48
-22.4984 9.37093 686.919 27950 48
-6.06698 2.35113 688.081 28192 48
-28.3709 3.65397 686.919 30898 48

38 737.5 750
-32.0461 -10.431 738.081 -28744 50
-8.30143 -3.22794 736.919 -28180 50
-31.6183 -13.0108 738.081 -27991 50
-18.0949 -13.6578 738.081 -25720 50
-19.6894 -23.8861 738.081 -23787 50
-15.4697 -23.9833 738.081 -22808 50
-9.36386 -19.9775 738.081 -21612 50
-2.72059 -6.90313 736.919 -21015 50
-0.367694 -7.10147 736.919 -17190 50
7.60493 -22.09 736.919 -12188 50
16.4332 -36.1296 736.919 -11261 50
5.75585 -9.97374 750.581 -10388 51
5.87252 -10.0515 750.581 -10341 51
18.8232 -17.5186 749.419 -7897 51
28.1667 -15.2532 749.419 -5755 51
15.9647 -8.43755 750.581 -5665 51
39.2798 -2.19557 749.419 -867 51
21.0205 0.118441 750.581 91 51
44.5301 1.49907 749.419 533 51
31.3947 1.4699 749.419 732 51
8.9449 1.69352 750.581 2608 51
25.5513 5.69928 750.581 2988 51
26.4069 11.9996 750.581 5118 51
21.4483 10.7745 750.581 5478 51
5.38462 3.88909 749.419 6870 51
19.4755 19.7831 750.581 8256 51
4.99571 5.28916 749.419 8425 51
10.7575 17.0802 750.581 10052 51
2.23446 12.1728 749.419 13842 51
-7.88424 44.7705 750.581 18837 51
-2.74358 10.6172 749.419 19748 51
-6.16597 20.1066 749.419 20229 51
-7.03925 5.8902 738.081 25304 50
-17.8509 8.69034 738.081 27403 50
-8.34209 3.69287 738.081 27740 50
-24.4624 10.1682 736.919 27957 50
-6.57256 2.54558 738.081 28193 50
-30.4127 4.21789 736.919 30772 50

