100 -287.5 -275
-23.3151 -1.90742 -286.919 -31528 0
-15.5952 -3.9103 -286.919 -29483 0
-20.2621 -8.1883 -286.919 -28052 0
-5.54018 -2.41124 -288.081 -27799 0
-29.5182 -12.933 -286.919 -27776 0
-6.97914 -3.30572 -288.081 -27501 0
-29.6737 -14.9553 -286.919 -27277 0
-9.19592 -4.6669 -288.081 -27252 0
-30.6266 -17.6193 -286.919 -26784 0
-17.5504 -13.1133 -286.919 -25761 0
-5.22906 -4.43356 -288.081 -25250 0
-11.4905 -10.3061 -288.081 -25021 0
-16.7726 -15.2134 -286.919 -24975 0
-5.32628 -5.03637 -288.081 -24805 0
-14.7891 -15.6931 -286.919 -24333 0
-3.67342 -4.04465 -288.081 -24181 0
-16.7337 -19.2192 -286.919 -24009 0
-18.8208 -27.5807 -286.919 -23029 0
-3.92621 -9.23658 -288.081 -21271 0
-3.79009 -9.3727 -288.081 -21101 0
-6.26939 -18.9885 -288.081 -20450 0
-5.96798 -19.4065 -288.081 -20237 0
-3.01227 -18.7065 -288.081 -18656 0
-3.18728 -20.3594 -288.081 -18601 0
-3.80247 -24.4889 -286.919 -18586 0
-2.15667 -18.6287 -288.081 -18083 0
-0.853832 -11.2978 -288.081 -17535 0
-2.77186 -36.9145 -286.919 -17528 0
3.22971 -20.2816 -288.081 -14133 0
4.53256 -27.6514 -288.081 -14076 0
5.46594 -25.2402 -288.081 -13467 0
8.77166 -29.946 -288.081 -12672 0
2.139 -6.66802 -274.419 -12404 1
7.15769 -20.5927 -288.081 -12158 0
6.98268 -15.5563 -288.081 -11308 0
2.46957 -5.40406 -274.419 -11245 1
8.42164 -16.6064 -288.081 -10870 0
9.46993 -16.2935 -274.419 -10361 1
3.30572 -4.56791 -274.419 -9505 1
17.2676 -21.641 -275.581 -9112 1
10.0338 -11.3738 -274.419 -8704 1
9.23658 -10.3043 -274.419 -8639 1
4.00576 -3.71231 -274.419 -7880 1
7.85596 -7.01803 -274.419 -7730 1
28.8181 -17.5575 -275.581 -6202 1
31.6766 -14.1156 -275.581 -5050 1
28.8181 -10.946 -275.581 -4510 1
22.4789 -7.1736 -275.581 -3963 1
9.3727 -0.756603 -274.419 -1223 1
8.76989 0.0795479 -274.419 147 1
22.1289 1.49907 -274.419 1039 1
38.3075 2.97692 -275.581 1181 1
24.5207 4.74645 -274.419 2657 1
26.6791 5.97152 -274.419 2996 1
13.009 5.13536 -274.419 4637 1
4.97626 2.54735 -275.581 5547 1
20.7872 11.2412 -274.419 5750 1
5.26794 3.77242 -275.581 6836 1
10.0515 7.31148 -275.581 6899 1
5.96798 5.25027 -275.581 7667 1
10.3626 11.9006 -275.581 8757 1
9.11814 11.745 -275.581 9223 1
8.94313 12.0756 -275.581 9412 1
4.89848 6.98091 -275.581 9628 1
5.22905 9.56715 -275.581 10593 1
14.5752 26.7057 -274.419 10599 1
6.7458 12.8729 -275.581 10750 1
4.52902 10.0338 -275.581 11288 1
2.70115 7.6615 -275.581 12113 1
4.2886 25.2084 -274.419 14001 1
0.970503 8.26431 -275.581 14662 1
-0.0601044 17.8898 -275.581 16438 1
-3.11304 17.1703 -275.581 18898 1
-2.48902 8.10698 -286.919 20232 0
-6.84656 21.0205 -275.581 20409 1
-4.78358 11.8794 -286.919 21087 0
-5.01692 11.2571 -286.919 21434 0
-5.17249 10.5571 -286.919 21771 0
-3.29276 6.70691 -286.919 21779 0
-12.6413 25.6485 -275.581 21793 1
-5.79474 10.946 -286.919 22055 0
-11.5718 19.9899 -275.581 22391 1
-3.26683 4.99571 -286.919 22861 0
-18.8638 27.6709 -275.581 23025 1
-19.5833 27.9236 -275.581 23137 1
-8.01152 11.2182 -286.919 23209 0
-4.58912 5.07349 -286.919 24165 0
-8.36154 8.84591 -286.919 24345 0
-21.0011 20.7076 -288.081 24633 0
-4.35578 3.98455 -286.919 24940 0
-6.88369 6.24022 -286.919 24977 0
-8.92546 7.54306 -286.919 25263 0
-9.74216 7.42639 -286.919 25680 0
-7.58372 3.16784 -286.919 27940 0
-7.46705 2.35113 -286.919 28844 0
-8.47821 2.58448 -286.919 28940 0
-16.0814 1.90388 -286.919 31033 0
-19.5038 1.55387 -286.919 31559 0
-7.81707 0.60104 -286.919 31598 0
-41.3021 0.0954595 -288.081 32730 0

99 -262.5 -250
-21.7011 -1.7713 -261.919 -31531 2
-14.4091 -3.61862 -261.919 -29479 2
-18.7065 -7.56604 -261.919 -28049 2
-5.11238 -2.21678 -263.081 -27812 2
-27.1847 -11.9218 -261.919 -27773 2
-6.45412 -3.09182 -263.081 -27461 2
-26.9903 -13.5941 -261.919 -27280 2
-8.2431 -4.18077 -263.081 -27254 2
-28.3709 -16.3359 -261.919 -26781 2
-15.9364 -11.966 -261.919 -25741 2
-4.8207 -4.10299 -263.081 -25234 2
-10.6738 -9.56715 -263.081 -25023 2
-15.5475 -14.105 -261.919 -24974 2
-4.84015 -4.58912 -263.081 -24794 2
-15.5475 -17.8774 -261.919 -24004 2
-18.1726 -26.0251 -261.919 -23120 2
-3.51786 -8.47821 -263.081 -21188 2
-5.77353 -17.5009 -263.081 -20448 2
-5.38462 -17.4231 -263.081 -20252 2
-2.87616 -17.3648 -263.081 -18712 2
-3.61508 -22.2261 -263.081 -18676 2
-2.93449 -18.8621 -263.081 -18589 2
-2.4348 -32.092 -261.919 -17539 2
-0.795494 -10.5005 -263.081 -17537 2
3.01581 -18.8232 -263.081 -14121 2
4.22143 -25.6291 -263.081 -14066 2
5.03814 -23.3734 -263.081 -13478 2
8.12996 -27.7486 -263.081 -12671 2
1.88621 -5.94854 -249.419 -12439 3
6.59377 -18.9787 -263.081 -12159 2
6.24375 -13.9618 -263.081 -11321 2
7.00036 -13.9406 -249.419 -10906 3
7.48826 -14.8952 -263.081 -10902 2
8.731 -15.049 -249.419 -10368 3
22.2085 -30.0821 -263.081 -9425 2
15.9453 -20.0076 -250.581 -9117 3
9.33381 -10.5182 -249.419 -8680 3
8.49766 -9.48761 -249.419 -8642 3
7.29204 -6.57079 -249.419 -7765 3
25.493 -20.2993 -250.581 -7262 3
25.8819 -20.0659 -250.581 -7155 3
26.018 -16.0018 -250.581 -6239 3
29.2459 -13.0072 -250.581 -5043 3
26.6208 -10.1099 -250.581 -4509 3
20.8844 -6.66802 -250.581 -3965 3
8.71156 -0.717714 -249.419 -1247 3
7.81707 0.0212135 -249.419 44 3
46.8829 0.818476 -250.581 281 3
19.8149 1.51851 -249.419 1166 3
35.5463 2.78246 -250.581 1189 3
21.1177 4.06586 -249.419 2645 3
24.6179 5.49186 -249.419 2988 3
11.9961 4.82247 -250.581 4697 3
36.3435 16.1804 -249.419 5047 3
19.1732 10.3662 -249.419 5749 3
4.76236 3.4224 -250.581 6850 3
9.11814 6.61145 -250.581 6886 3
5.30684 4.6669 -250.581 7666 3
9.44872 11.0256 -250.581 8822 3
8.69034 10.8506 -250.581 9097 3
8.63201 11.0256 -250.581 9189 3
8.14587 11.0839 -250.581 9443 3
4.45123 6.30032 -250.581 9600 3
13.0002 23.8083 -249.419 10597 3
4.80126 8.82823 -250.581 10612 3
14.1798 31.392 -249.419 11286 3
4.10122 9.13935 -250.581 11309 3
2.42891 6.84479 -250.581 12092 3
3.84843 22.9651 -250.581 14032 3
0.912169 7.73928 -250.581 14656 3
-0.040659 16.6258 -250.581 16423 3
-5.5119 34.1921 -249.419 18658 3
-2.76302 15.3036 -250.581 18889 3
-2.29456 7.36805 -261.919 20274 2
-6.34098 19.5038 -250.581 20403 3
-4.41411 11.0043 -261.919 21074 2
-4.62801 10.4404 -261.919 21416 2
-5.17249 10.7904 -261.919 21692 2
-4.78358 9.77929 -261.919 21765 2
-11.5329 23.2179 -250.581 21821 3
-3.03349 6.08465 -261.919 21834 2
-5.34749 10.1099 -261.919 22052 2
-10.6773 18.3954 -250.581 22401 3
-3.05293 4.62625 -261.919 22897 2
-17.1915 25.1429 -250.581 23037 3
-17.5221 25.1624 -250.581 23109 3
-7.71984 8.20421 -261.919 24326 2
-19.4065 19.1909 -263.081 24621 2
-4.00576 3.71231 -261.919 24887 2
-6.26143 5.65685 -261.919 24991 2
-8.01152 6.78469 -261.919 25255 2
-9.06157 6.90136 -261.919 25684 2
-7.03925 2.93449 -261.919 27947 2
-6.94202 2.17612 -261.919 28857 2
-7.35037 2.23446 -261.919 28948 2
-13.9424 1.63165 -261.919 31051 2
-17.7342 1.41775 -261.919 31555 2
-7.2337 0.562151 -261.919 31586 2
-37.063 0.0565681 -263.081 32743 2

92 -237.5 -225
-20.0677 -1.61574 -236.919 -31547 4
-13.2618 -3.32694 -236.919 -29482 4
-17.1898 -6.9049 -236.919 -28072 4
-24.8707 -10.9301 -236.919 -27765 4
-5.96798 -2.83904 -238.081 -27486 4
-24.3262 -12.2524 -236.919 -27280 4
-7.29027 -3.69463 -238.081 -27257 4
-26.0958 -15.0331 -236.919 -26779 4
-14.4462 -10.8506 -238.081 -25740 4
-4.43179 -3.75297 -238.081 -25255 4
-9.83762 -8.84767 -238.081 -25010 4
-14.303 -12.9772 -236.919 -24974 4
-4.37346 -4.12243 -238.081 -24818 4
-14.3808 -16.5162 -236.919 -24009 4
-17.5115 -24.1194 -236.919 -23275 4
-5.30684 -16.023 -238.081 -20460 4
-4.78181 -15.4202 -238.081 -20262 4
-3.42063 -19.8538 -238.081 -18791 4
-2.75948 -16.0425 -238.081 -18788 4
-2.72059 -17.3648 -238.081 -18603 4
-2.09127 -27.2501 -236.919 -17551 4
-0.717712 -9.64494 -238.081 -17518 4
6.79529 -46.4817 -236.919 -14294 4
2.78246 -17.4231 -238.081 -14127 4
3.85845 -23.6068 -238.081 -14082 4
4.62978 -21.5261 -238.081 -13483 4
7.49798 -25.561 -238.081 -12668 4
6.01041 -17.3842 -238.081 -12174 4
5.15304 -11.5099 -224.419 -11317 5
6.10587 -12.2683 -224.419 -10939 5
18.261 -31.8905 -238.081 -10418 4
8.01152 -13.785 -224.419 -10361 5
20.5361 -27.7875 -238.081 -9421 4
19.7306 -26.619 -225.581 -9409 5
14.6424 -18.3547 -225.581 -9113 5
8.57544 -9.68206 -224.419 -8688 5
7.79762 -8.70979 -224.419 -8644 5
6.88368 -5.96798 -224.419 -7608 5
23.2373 -18.5103 -225.581 -7264 5
23.4512 -14.524 -225.581 -6266 5
26.7958 -11.9961 -225.581 -5066 5
24.404 -9.25426 -225.581 -4504 5
19.251 -6.12354 -224.419 -3953 5
8.01152 -0.639933 -224.419 -1211 5
43.0328 0.740695 -225.581 277 5
32.7461 2.54912 -225.581 1183 5
17.4814 1.51851 -224.419 1309 5
17.6953 3.44361 -224.419 2669 5
22.5567 5.03814 -224.419 2991 5
11.0627 4.43356 -225.581 4687 5
33.1156 14.7414 -224.419 5046 5
17.5787 9.47169 -224.419 5736 5
4.25678 3.07238 -225.581 6868 5
8.18476 5.91142 -225.581 6870 5
4.68458 4.12243 -225.581 7669 5
8.47644 10.0533 -225.581 8889 5
7.87363 9.95606 -225.581 9148 5
7.91253 10.0727 -225.581 9175 5
13.9724 19.4603 -224.419 9536 5
3.98454 5.67807 -225.581 9627 5
11.4056 20.9304 -224.419 10604 5
4.41235 8.12819 -225.581 10619 5
12.702 28.1252 -224.419 11286 5
3.67342 8.16708 -225.581 11300 5
2.11778 5.9892 -225.581 12104 5
3.45952 20.5927 -225.581 14027 5
0.853832 7.17537 -225.581 14641 5
2.86909 40.9008 -224.419 15310 5
-0.0601034 15.323 -225.581 16448 5
-1.83612 22.7512 -225.581 17607 5
-0.974039 10.17 -225.581 17816 5
-2.413 13.4368 -225.581 18878 5
-2.08066 6.64857 -236.919 20289 4
-5.81595 17.9676 -225.581 20390 5
-4.04465 10.1293 -236.919 21059 4
-4.25855 9.60428 -236.919 21417 4
-4.39467 9.00147 -236.919 21758 4
-2.74181 5.48185 -236.919 21846 4
-10.4245 20.7872 -225.581 21856 5
-4.84191 9.29315 -236.919 21996 4
-7.11703 7.52362 -236.919 24348 4
-17.812 17.5964 -238.081 24625 4
-5.63918 5.11238 -236.919 24977 4
-7.07814 6.00687 -236.919 25246 4
-8.38098 6.37634 -236.919 25688 4
-26.9319 17.2269 -238.081 26376 4
-6.49478 2.70115 -236.919 27955 4
-6.39755 1.98167 -236.919 28893 4
-6.22254 1.88444 -236.919 28959 4
-11.8228 1.41775 -236.919 31013 4
-15.9647 1.28163 -236.919 31550 4
-32.8725 0.00795507 -238.081 32764 4

97 -212.5 -200
-18.4148 -1.47962 -211.919 -31549 6
-12.0951 -3.0547 -211.919 -29464 6
-15.5952 -6.24375 -211.919 -28083 6
-22.5373 -9.91894 -211.919 -27760 6
-5.42351 -2.60569 -213.081 -27450 6
-21.6622 -10.9107 -211.919 -27279 6
-6.35689 -3.22794 -213.081 -27250 6
-23.8401 -13.7108 -211.919 -26785 6
-12.8517 -9.64494 -213.081 -25743 6
-4.02344 -3.38351 -213.081 -25283 6
-9.02092 -8.14764 -213.081 -24992 6
-13.1433 -11.8812 -213.081 -24989 6
-3.88732 -3.67519 -213.081 -24805 6
-13.1946 -15.1356 -211.919 -24014 6
-15.9753 -22.2332 -211.919 -23234 6
-4.80125 -14.5841 -213.081 -20441 6
-4.14011 -13.4562 -213.081 -20238 6
-3.07061 -17.6759 -213.081 -18808 6
-2.54558 -14.6619 -213.081 -18807 6
-2.50669 -15.8675 -213.081 -18619 6
-1.74832 -22.615 -213.081 -17559 6
-0.678822 -8.82823 -213.081 -17553 6
5.91377 -40.4147 -211.919 -14292 6
2.58801 -15.9841 -213.081 -14100 6
3.52139 -21.5844 -213.081 -14085 6
4.22143 -19.6399 -213.081 -13485 6
6.82712 -23.3345 -213.081 -12675 6
5.42704 -15.7897 -213.081 -12193 6
4.453 -9.91541 -199.419 -11306 7
5.25027 -10.5571 -199.419 -10942 7
17.5416 -34.1267 -213.081 -10821 6
15.9924 -27.7292 -213.081 -10391 6
7.31148 -12.5405 -199.419 -10349 7
20.5167 -30.4904 -213.081 -9793 6
18.0648 -24.305 -200.581 -9398 7
13.3201 -16.6824 -200.581 -9110 7
7.83651 -8.86535 -199.419 -8696 7
7.09758 -7.93197 -199.419 -8646 7
6.3781 -5.42351 -199.419 -7529 7
21.0011 -16.7408 -200.581 -7267 7
21.0205 -13.0267 -200.581 -6268 7
28.5459 -16.7408 -200.581 -6056 7
24.3651 -10.9266 -200.581 -5072 7
22.1678 -8.41811 -200.581 -4509 7
17.5787 -5.61796 -199.419 -3968 7
15.3697 -1.71332 -199.419 -1643 7
7.35037 -0.60104 -199.419 -1238 7
39.1242 0.682358 -200.581 280 7
29.9849 2.35467 -200.581 1192 7
15.148 1.51851 -199.419 1492 7
14.273 2.7695 -199.419 2662 7
20.5149 4.552 -199.419 2975 7
10.1293 4.04465 -200.581 4675 7
29.8876 13.3024 -199.419 5046 7
15.9647 8.63554 -199.419 5751 7
7.21249 5.25027 -200.581 6902 7
24.9202 19.8609 -199.419 7266 7
4.04288 3.55851 -200.581 7669 7
7.52361 9.11343 -200.581 8974 7
7.21249 9.13935 -200.581 9157 7
19.3977 24.6833 -199.419 9174 7
3.49841 4.99748 -200.581 9637 7
4.02344 7.35038 -200.581 10588 7
9.86944 18.033 -199.419 10588 7
3.28451 7.2337 -200.581 11267 7
11.2241 24.8583 -199.419 11287 7
3.03172 18.2204 -200.581 14046 7
0.814939 6.55311 -200.581 14571 7
2.66491 37.1381 -199.419 15287 7
-0.0212135 14.0396 -200.581 16408 7
-5.42115 43.8371 -199.419 18187 7
-2.08243 11.5895 -200.581 18879 7
-9.28431 43.6815 -199.419 19255 7
-1.84732 5.90965 -211.919 20285 6
-5.31037 16.4508 -200.581 20382 7
-3.69463 9.23481 -211.919 21065 6
-3.90853 8.78757 -211.919 21427 6
-4.00576 8.22365 -211.919 21750 6
-2.45012 4.87904 -211.919 21861 6
-9.33558 18.3759 -200.581 21903 7
-4.40763 8.41811 -211.919 22014 6
-9.31436 15.8657 -211.919 22444 6
-14.6074 21.1743 -213.081 23072 6
-12.0951 13.9239 -211.919 24000 6
-13.5029 14.3606 -213.081 24323 6
-6.49478 6.90136 -211.919 24327 6
-16.2175 16.0018 -213.081 24630 6
-5.01692 4.56791 -211.919 24959 6
-6.14476 5.22906 -211.919 25235 6
-7.70039 5.85131 -211.919 25693 6
-23.4512 14.9907 -213.081 26378 6
-5.98919 2.50669 -211.919 27933 6
-5.83363 1.80666 -211.919 28893 6
-9.68383 1.14551 -211.919 31034 6
-14.1952 1.14551 -211.919 31544 6
-42.605 1.90389 -213.081 32067 6
-28.6237 0.0176778 -213.081 32757 6

103 -137.5 -125
-13.5146 -1.09071 -136.919 -31544 8
-42.1577 -4.4807 -138.081 -31193 8
-38.8325 -4.59089 -138.081 -31035 8
-8.72923 -2.17789 -138.081 -29496 8
-10.946 -4.31689 -138.081 -28134 8
-15.5952 -6.86601 -136.919 -27759 8
-13.785 -6.92258 -138.081 -27290 8
-24.6374 -12.6413 -136.919 -27212 8
-17.112 -9.78282 -136.919 -26808 8
-8.06809 -6.10587 -138.081 -25710 8
-22.4506 -17.9358 -136.919 -25491 8
-6.60968 -5.96975 -138.081 -24992 8
-9.40982 -8.53654 -138.081 -24974 8
-9.7404 -11.1228 -138.081 -24033 8
-11.2182 -15.323 -138.081 -23309 8
-13.4474 -19.2775 -136.919 -23116 8
-8.72923 -13.534 -138.081 -22808 8
-3.3234 -10.1505 -138.081 -20425 8
-2.29279 -7.48649 -138.081 -20225 8
-8.95551 -35.7867 -136.919 -19663 8
-7.51654 -36.9534 -136.919 -19153 8
-1.84555 -10.4616 -138.081 -18840 8
-1.94278 -11.1811 -138.081 -18809 8
-5.74701 -33.5893 -136.919 -18777 8
-1.80666 -11.3561 -138.081 -18632 8
-0.659376 -8.06986 -138.081 -17621 8
5.06465 -46.3455 -136.919 -14769 8
3.30749 -22.6539 -138.081 -14296 8
2.52967 -15.4591 -138.081 -14080 8
1.96576 -11.7062 -138.081 -14028 8
5.80358 -34.4449 -136.919 -14021 8
3.03526 -14.0591 -138.081 -13474 8
4.89554 -16.6842 -138.081 -12667 8
3.48073 -10.071 -124.419 -12175 9
2.31401 -5.13183 -124.419 -11292 9
2.72236 -5.4624 -124.419 -10934 9
4.21966 -8.12642 -124.419 -10784 9
5.0947 -8.76812 -124.419 -10362 9
7.71984 -13.1045 -124.419 -10310 9
9.78105 -14.5045 -124.419 -9785 9
12.9896 -17.5186 -125.581 -9408 9
9.27547 -11.6655 -124.419 -9126 9
5.63918 -6.35689 -124.419 -8682 9
4.95859 -5.55963 -124.419 -8660 9
17.7537 -17.538 -125.581 -8141 9
4.82247 -3.98455 -124.419 -7412 9
14.1368 -11.2766 -124.419 -7270 9
20.6122 -12.0738 -125.581 -6052 9
15.4397 -8.8848 -124.419 -5984 9
16.9175 -7.75696 -124.419 -5150 9
15.4591 -5.83186 -124.419 -4487 9
12.659 -4.08177 -124.419 -3994 9
26.5236 -6.16244 -125.581 -3088 9
27.7292 -5.8902 -125.581 -2870 9
34.6518 -2.23446 -125.581 -992 9
27.2431 0.468458 -124.419 276 9
39.9993 2.76302 -125.581 1058 9
21.5067 1.73241 -124.419 1221 9
8.32088 1.41952 -125.581 2387 9
31.5016 5.50483 -124.419 2437 9
14.3313 3.15193 -124.419 2953 9
7.29027 2.91682 -125.581 4681 9
9.87651 4.25855 -125.581 4936 9
20.2233 9.03093 -124.419 5057 9
28.7792 14.6053 -124.419 5515 9
11.2766 6.08642 -125.581 5743 9
4.37346 3.18905 -125.581 6909 9
17.4726 18.8691 -124.419 8506 9
5.07349 6.3781 -125.581 9125 9
11.8794 14.973 -125.581 9135 9
5.22905 9.48937 -125.581 10563 9
2.81782 5.13359 -125.581 10577 9
6.84303 15.1869 -125.581 11294 9
6.91374 22.8944 -124.419 12583 9
1.39182 6.68923 -125.581 13562 9
7.2832 37.9257 -124.419 13744 9
1.80666 11.1228 -125.581 14094 9
3.99692 29.0002 -124.419 14399 9
1.95515 25.9473 -124.419 15235 9
-0.0212135 10.1505 -125.581 16418 9
-3.57973 26.5819 -125.581 18328 9
-1.20562 6.90136 -136.919 18820 8
-7.47589 39.1118 -124.419 19013 9
-6.78823 31.7738 -125.581 19268 9
-3.81308 11.8812 -125.581 20364 9
-2.66402 6.60968 -136.919 21090 8
-2.83903 6.27911 -136.919 21485 8
-2.83903 5.8902 -136.919 21712 8
-6.18365 12.1905 -136.919 21897 8
-3.01404 5.83186 -136.919 21966 8
-13.983 25.1235 -125.581 22242 9
-6.76701 11.4516 -136.919 22469 8
-13.3396 17.1686 -138.081 23547 8
-17.6565 20.8243 -138.081 23901 8
-4.64746 4.89848 -136.919 24360 8
-11.57 11.2766 -136.919 24681 8
-22.1872 21.116 -138.081 24778 8
-4.51134 3.95862 -136.919 25110 8
-5.60029 4.29567 -136.919 25655 8
-12.9312 8.28199 -136.919 26371 8
-8.9449 0.717714 -136.919 31551 8
-30.471 1.35941 -138.081 32068 8
-15.7119 0.0176773 -136.919 32749 8

105 -62.5 -50
-34.8073 -1.7713 -63.081 -31974 10
-8.59488 -0.682358 -61.919 -31562 10
-15.8675 -1.87501 -61.919 -31036 10
-34.2629 -7.98088 -61.919 -29672 10
-32.8239 -7.86421 -61.919 -29601 10
-6.16243 -2.45012 -63.081 -28107 10
-8.74868 -3.83075 -63.081 -27778 10
-5.77353 -2.87793 -63.081 -27317 10
-13.9406 -7.15592 -63.081 -27210 10
-10.4599 -5.89197 -63.081 -26864 10
-14.349 -11.5311 -63.081 -25467 10
-13.6878 -11.7256 -63.081 -25208 10
-4.19845 -3.79186 -63.081 -24992 10
-5.6763 -5.15304 -63.081 -24971 10
-20.37 -20.3664 -61.919 -24576 10
-7.77641 -8.45876 -63.081 -24231 10
-14.3808 -16.3996 -61.919 -24038 10
-6.22077 -7.09758 -63.081 -24036 10
-6.70691 -7.77818 -63.081 -23970 10
-15.2753 -19.7053 -61.919 -23538 10
-5.71519 -8.10875 -63.081 -23157 10
-6.02632 -14.3313 -63.081 -21234 10
-9.28608 -25.2278 -61.919 -20792 10
-1.88444 -5.67807 -63.081 -20466 10
-5.42351 -21.6622 -63.081 -19664 10
-3.19376 -15.5175 -63.081 -19180 10
-1.1844 -6.22254 -63.081 -19003 10
-3.49841 -20.3594 -63.081 -18786 10
-1.10662 -6.8448 -63.081 -18664 10
2.93214 -30.2253 -61.919 -14935 10
3.07415 -28.0987 -63.081 -14768 10
1.67408 -12.5423 -63.081 -14454 10
2.29633 -14.5257 -63.081 -14147 10
1.34173 -8.20421 -49.419 -14081 11
1.53796 -9.33381 -63.081 -14066 10
1.16673 -6.62913 -49.419 -13931 11
1.59453 -7.44583 -49.419 -13494 11
2.58624 -8.86535 -49.419 -12683 11
4.20021 -8.34032 -49.419 -10896 11
2.89737 -5.01515 -49.419 -10384 11
13.534 -19.6965 -50.581 -9711 11
16.023 -22.3021 -50.581 -9534 11
7.85596 -10.596 -49.419 -9408 11
5.28916 -6.70691 -49.419 -9160 11
3.46129 -3.86787 -49.419 -8646 11
10.17 -9.9154 -49.419 -8088 11
18.6676 -18.063 -50.581 -8057 11
7.36982 -5.90965 -49.419 -7291 11
23.354 -17.8491 -50.581 -7097 11
10.52 -7.08609 -49.419 -6594 11
19.4843 -11.8794 -50.581 -6205 11
12.5618 -7.34212 -49.419 -6043 11
23.2179 -11.3608 -50.581 -5382 11
4.93914 -2.39002 -49.419 -5342 11
9.45048 -4.49013 -49.419 -5277 11
8.82823 -3.3234 -49.419 -4480 11
7.71984 -2.56503 -49.419 -4086 11
15.7119 -3.36229 -49.419 -2888 11
19.7566 -1.49553 -49.419 -1152 11
43.5772 -2.29279 -50.581 -818 11
15.5369 0.274004 -49.419 283 11
24.3846 1.68056 -49.419 1056 11
13.1451 1.07127 -49.419 1234 11
8.28199 1.80842 -50.581 2936 11
19.0565 6.41228 -49.419 4124 11
23.4318 8.24663 -49.419 4265 11
22.09 9.39391 -49.419 4888 11
10.6932 4.76413 -50.581 5049 11
7.69862 3.71408 -50.581 5331 11
16.4703 8.44109 -49.419 5551 11
6.47356 3.50018 -50.581 5749 11
21.7983 12.6802 -49.419 6025 11
11.7238 10.1505 -50.581 7602 11
21.2645 18.9275 -49.419 7715 11
9.21537 9.97551 -50.581 8516 11
4.25678 5.17249 -50.581 8987 11
18.3088 23.8277 -49.419 9264 11
17.4532 26.8612 -49.419 9931 11
2.39002 5.32805 -50.581 11310 11
7.61377 25.1889 -49.419 12581 11
2.42891 8.16708 -50.581 12628 11
2.31224 16.762 -50.581 14397 11
4.58028 41.0175 -49.419 14738 11
1.1844 14.9341 -50.581 15180 11
2.69407 41.8537 -49.419 15393 11
-1.46018 9.10046 -50.581 18649 11
-2.69172 13.9618 -50.581 19032 11
-4.27976 19.6982 -50.581 19308 11
-2.5668 8.0292 -61.919 20352 10
-12.0696 32.435 -50.581 20827 11
-9.09575 23.529 -50.581 20951 11
-2.58624 4.97626 -61.919 21987 10
-8.9449 16.0407 -61.919 22249 10
-4.31689 7.25138 -61.919 22497 10
-15.0313 20.4159 -63.081 23331 10
-10.5394 12.4239 -61.919 23903 10
-17.5203 17.6158 -63.081 24553 10
-10.6755 10.4599 -61.919 24659 10
-6.88368 6.66802 -61.919 24706 10
-18.0065 13.9017 -63.081 25629 10
-5.5225 3.82898 -61.919 26059 10
-33.8351 11.9442 -63.081 28493 10
-35.2935 10.1099 -63.081 29119 10
-24.3846 6.09762 -63.081 29490 10
-18.162 0.834385 -61.919 32048 10

98 -37.5 -25
-26.8153 -1.32406 -36.919 -31997 12
-7.01804 -0.544472 -38.081 -31588 12
-8.28376 -0.980522 -36.919 -31033 12
-25.1235 -5.91966 -36.919 -29643 12
-25.5707 -6.14653 -36.919 -29592 12
-6.43467 -2.83903 -38.081 -27752 12
-10.3043 -5.30861 -38.081 -27197 12
-8.18476 -4.58912 -38.081 -26881 12
-15.8463 -11.2395 -38.081 -25969 12
-11.5877 -9.39215 -38.081 -25433 12
-7.30972 -6.28088 -38.081 -25196 12
-4.43179 -4.0252 -38.081 -24969 12
-15.8586 -15.8551 -36.919 -24576 12
-13.8363 -14.9995 -36.919 -24245 12
-5.13183 -5.7753 -38.081 -24092 12
-5.0346 -5.71696 -38.081 -24056 12
-11.7433 -13.359 -38.081 -24048 12
-8.47644 -10.7144 -38.081 -23620 12
-3.07061 -4.29744 -38.081 -23211 12
-17.3754 -24.8778 -36.919 -23121 12
-3.22617 -7.64206 -38.081 -21247 12
-5.07349 -13.7285 -38.081 -20805 12
-4.20817 -16.9273 -38.081 -19646 12
-1.74184 -8.28376 -38.081 -19230 12
-6.09055 -34.97 -36.919 -18814 12
-2.74004 -15.8675 -38.081 -18796 12
-6.24611 -37.0701 -36.919 -18746 12
0.786068 -16.3082 -38.081 -15630 12
2.40652 -21.8956 -38.081 -14761 12
1.94454 -6.62913 -24.419 -12668 13
14.8127 -33.5239 -38.081 -11363 12
6.35218 -12.6961 -24.419 -10920 13
10.0144 -14.5823 -24.419 -9713 13
11.9201 -17.1491 -25.581 -9665 13
6.20309 -8.32088 -24.419 -9386 13
3.96687 -4.99571 -24.419 -9132 13
7.6615 -7.44583 -24.419 -8075 13
14.7591 -14.3101 -25.581 -8065 13
5.69751 -5.48185 -24.419 -8033 13
21.2085 -18.5297 -25.581 -7639 13
23.2762 -20.027 -25.581 -7577 13
5.12063 -4.10122 -24.419 -7286 13
18.4926 -13.9989 -25.581 -7059 13
15.2258 -9.29315 -24.419 -6209 13
9.91717 -5.78649 -24.419 -6037 13
8.38098 -4.08177 -24.419 -5366 13
7.54483 -3.67342 -24.419 -5364 13
6.592 -2.48725 -24.419 -4488 13
6.10587 -2.00111 -24.419 -4044 13
7.6615 -2.49373 -24.419 -4023 13
11.7645 -2.52614 -24.419 -2896 13
14.8563 -1.21033 -24.419 -1234 13
32.8239 -1.78073 -25.581 -843 13
11.6478 0.196222 -24.419 271 13
19.2704 1.32406 -24.419 1053 13
10.345 0.837921 -24.419 1227 13
6.20133 1.36118 -25.581 2948 13
7.62732 2.57976 -25.581 4140 13
17.5592 6.18542 -24.419 4267 13
15.3424 6.53543 -24.419 4894 13
7.46528 3.32517 -25.581 5048 13
11.8405 5.70399 -25.581 5326 13
12.5405 6.45589 -25.581 5568 13
4.87904 2.60569 -25.581 5703 13
16.5657 9.62549 -25.581 6021 13
4.56791 3.92798 -25.581 7574 13
16.7337 14.9412 -24.419 7728 13
6.43467 6.96147 -25.581 8514 13
13.7196 17.8385 -24.419 9261 13
13.0196 20.172 -24.419 9957 13
6.09762 20.1066 -25.581 12571 13
1.74832 12.6201 -25.581 14390 13
3.40708 30.8086 -24.419 14752 13
0.892723 11.22 -25.581 15176 13
2.00701 31.3531 -24.419 15398 13
-1.7713 18.5454 -25.581 17812 13
-8.77873 44.401 -24.419 19088 13
-9.42691 44.8094 -24.419 19231 13
-3.40472 15.6341 -25.581 19313 13
-2.06122 6.51245 -36.919 20322 12
-4.73479 12.6395 -25.581 20848 13
-6.84656 17.7148 -25.581 20951 13
-6.97443 12.4628 -36.919 22262 12
-7.0198 11.7433 -36.919 22513 12
-3.50018 5.85131 -36.919 22516 12
-16.3683 25.8235 -25.581 22740 13
-11.7256 15.8657 -38.081 23346 12
-8.18653 9.68206 -36.919 23890 12
-13.4757 13.5711 -36.919 24547 12
-13.6701 13.7656 -38.081 24547 12
-5.61973 5.48185 -36.919 24677 12
-5.36694 5.15127 -36.919 24743 12
-14.2924 11.1988 -36.919 25570 12
-9.81995 6.88192 -36.919 26017 12
-26.5002 9.14148 -38.081 28565 12
-18.6482 4.74292 -36.919 29445 12
-14.1174 0.626968 -36.919 32071 12
-31.0155 1.0094 -38.081 32251 12

80 -12.5 0
-19.2121 -0.954594 -11.919 -31992 14
-16.0425 -3.81307 -11.919 -29621 14
-18.2787 -4.37699 -11.919 -29602 14
-6.64857 -3.44184 -13.081 -27179 14
-5.8902 -3.30572 -13.081 -26878 14
-11.3933 -8.10875 -13.081 -25955 14
-8.80701 -7.2337 -13.081 -25379 14
-11.5488 -11.5311 -13.081 -24582 14
-6.62913 -6.92257 -13.081 -24398 14
-19.5922 -21.2998 -11.919 -24233 14
-8.94313 -10.2477 -13.081 -24019 14
-12.3974 -17.7608 -11.919 -23119 14
-13.9854 -26.764 -11.919 -22007 14
-3.07061 -12.1534 -13.081 -19688 14
-2.02056 -11.3756 -13.081 -18855 14
-4.72937 -26.764 -11.919 -18844 14
-4.80715 -28.3974 -11.919 -18755 14
-4.37935 -33.881 -11.919 -18259 14
1.71297 -15.7314 -13.081 -14775 14
3.57018 -8.69034 0.581 -11613 15
11.3579 -25.6874 -13.081 -11360 14
7.25492 -14.5841 -13.081 -10941 14
9.53003 -17.7537 -13.081 -10661 14
7.70039 -11.4905 0.581 -9809 15
6.66978 -9.72095 0.581 -9716 15
4.53079 -6.1041 0.581 -9403 15
12.9701 -12.6767 0.581 -8098 15
5.0947 -4.95682 0.581 -8079 15
10.695 -10.3238 0.581 -8047 15
15.6147 -13.61 -0.581 -7630 15
17.1314 -14.7379 -0.581 -7576 15
13.4174 -10.0904 0.581 -7032 15
24.404 -17.888 -0.581 -6929 15
11.1617 -6.82358 0.581 -6216 15
7.27259 -4.25678 0.581 -6049 15
10.1311 -4.93737 0.581 -5368 15
17.4037 -5.83186 0.581 -4112 15
7.81707 -1.68999 0.581 -2912 15
9.91717 -0.912169 0.581 -1380 15
21.5455 -1.1844 0.581 -853 15
7.73928 0.124922 0.581 260 15
7.25138 0.155563 -0.581 344 15
14.1368 0.974039 0.581 1056 15
7.71807 0.622253 -0.581 1222 15
10.87 2.82784 0.581 3382 15
9.614 2.50846 -0.581 3390 15
11.6673 4.15661 0.581 4303 15
8.84591 3.72056 -0.581 4850 15
16.1397 7.79939 0.581 5337 15
8.4181 4.35578 -0.581 5586 15
11.1016 6.44292 -0.581 6016 15
11.3155 7.40871 -0.581 6482 15
20.9339 15.4856 0.581 6966 15
12.4822 11.1422 -0.581 7727 15
3.65397 3.94742 -0.581 8508 15
9.35149 12.1728 -0.581 9265 15
8.94313 13.7479 -0.581 9926 15
11.7751 19.7053 0.581 10255 15
7.91252 19.1732 -0.581 11597 15
4.50957 14.8369 -0.581 12564 15
7.82767 36.195 0.581 13470 15
1.16496 8.45877 -0.581 14400 15
2.29279 20.9816 -0.581 14769 15
0.639932 7.46704 -0.581 15090 15
1.35941 21.3316 -0.581 15402 15
-5.09647 25.7652 -0.581 19089 15
-6.41228 30.5682 -0.581 19224 15
-2.54912 11.5117 -0.581 19354 15
-4.62978 11.8812 -0.581 20978 15
-4.991 8.92369 -11.919 22260 14
-8.26431 11.1599 -11.919 23354 14
-5.85308 6.88192 -11.919 23914 14
-9.63197 9.7015 -11.919 24546 14
-21.0594 20.9993 -13.081 24587 14
-3.81131 3.67342 -11.919 24726 14
-10.8117 8.49589 -11.919 25558 14
-14.0979 9.99319 -11.919 25971 14
-13.2229 3.44007 -11.919 29385 14
-19.7177 2.39002 -11.919 30996 14
-10.0727 0.445477 -11.919 32074 14

83 12.5 25
-11.5117 -0.57865 13.081 -31983 16
-30.5164 -3.6251 13.081 -31028 16
-7.40694 -1.76305 11.919 -29617 16
-10.9478 -2.60746 13.081 -29616 16
-6.90136 -4.93914 11.919 -25933 16
-6.08465 -5.05581 11.919 -25332 16
-7.01803 -7.00036 11.919 -24586 16
-9.03258 -9.91717 11.919 -24193 16
-10.3238 -11.745 11.919 -24048 16
-6.1754 -7.11703 11.919 -23995 16
-7.65973 -10.9867 11.919 -23114 16
-5.09942 -8.32265 11.919 -22608 16
-8.53478 -14.0396 11.919 -22578 16
-9.6361 -18.4997 13.081 -21995 16
-3.54378 -12.9766 11.919 -19898 16
-1.86499 -7.36982 11.919 -19692 16
-2.13075 -10.4616 11.919 -19156 16
-1.24274 -6.90313 11.919 -18883 16
-3.37526 -18.9399 11.919 -18862 16
-3.42063 -20.0871 11.919 -18768 16
-2.58447 -21.0594 11.919 -18174 16
-0.964022 -11.0061 11.919 -17703 16
1.05182 -9.54771 11.919 -14758 16
2.88618 -11.2784 11.919 -13045 16
8.00162 -18.7065 11.919 -11475 16
7.9031 -17.8509 11.919 -11356 16
9.29669 -18.8426 11.919 -10971 16
3.6363 -6.06521 25.581 -10242 17
3.31869 -4.84015 25.581 -9719 17
19.951 -19.5409 24.419 -8106 17
6.82535 -6.5319 25.581 -8012 17
9.78105 -8.47644 25.581 -7606 17
10.6755 -9.21537 25.581 -7590 17
15.0702 -11.6811 25.581 -7154 17
8.59488 -6.30504 25.581 -6933 17
15.673 -11.4646 24.419 -6921 17
15.2647 -11.1599 25.581 -6919 17
7.09758 -4.31512 25.581 -6194 17
4.62801 -2.70115 25.581 -6038 17
12.7173 -6.20133 25.581 -5370 17
10.7144 -4.8207 25.581 -5084 17
26.7375 -8.94313 24.419 -4106 17
11.9162 -3.54897 25.581 -3759 17
12.1923 -3.18728 25.581 -3395 17
15.4591 -3.71879 25.581 -3177 17
10.7339 -0.588078 25.581 -851 17
9.25603 0.215668 25.581 373 17
8.98379 0.617538 25.581 1053 17
32.26 4.74645 24.419 2101 17
36.5834 9.36799 24.419 3340 17
33.6212 10.5704 25.581 3918 17
6.06521 2.15844 24.419 4300 17
23.3345 9.27724 25.581 4660 17
20.2427 9.80227 25.581 5345 17
5.63741 3.28628 24.419 6033 17
29.4987 20.8473 25.581 6784 17
10.9071 8.0893 24.419 6976 17
8.00975 7.13647 24.419 7719 17
4.74292 6.20309 24.419 9284 17
4.54846 7.0198 24.419 9942 17
6.14299 10.2866 24.419 10258 17
12.5957 21.3193 25.581 10299 17
2.91505 9.50882 24.419 12539 17
4.04936 18.9139 24.419 13494 17
1.13255 10.7339 24.419 14820 17
0.691786 10.8894 24.419 15405 17
-3.30749 15.5758 24.419 19253 17
-3.38351 8.69034 13.081 20975 16
-11.9866 25.5643 24.419 21613 17
-2.9946 5.3198 13.081 22285 16
-9.6579 15.224 13.081 22743 16
-4.95859 6.68746 13.081 23359 16
-5.01692 6.20133 13.081 23711 16
-7.93374 9.69373 13.081 23758 16
-3.50018 4.14011 13.081 23889 16
-5.77529 5.79297 13.081 24563 16
-12.3751 12.3616 13.081 24580 16
-7.40871 5.87075 13.081 25524 16
-18.1815 12.91 11.919 25964 16
-6.28088 3.9651 13.081 26427 16
-7.85596 2.06593 13.081 29356 16
-6.33921 1.327 13.081 29931 16
-37.8214 3.80954 11.919 31268 16

77 37.5 50
-9.37093 -5.93086 36.919 -26417 18
-3.44007 -4.01873 36.919 -23940 18
-11.3084 -18.4608 38.081 -22607 18
-2.77893 -5.01692 36.919 -22224 18
-5.48185 -10.5978 36.919 -21969 18
-4.52902 -22.5567 36.919 -19123 18
-4.65158 -23.186 38.081 -19121 18
-1.8974 -10.6172 36.919 -18868 18
-6.76206 -39.1002 38.081 -18799 18
-1.86499 -11.2589 36.919 -18712 18
-0.892721 -7.52539 36.919 -18121 18
-3.40967 -29.6808 38.081 -18072 18
-2.01408 -23.8012 36.919 -17662 18
1.94353 -21.3844 36.919 -15018 18
1.86676 -8.96258 50.581 -13559 19
6.18542 -24.6763 36.919 -13100 18
7.51419 -21.9733 36.919 -12208 18
2.57976 -5.73464 50.581 -11300 19
11.3968 -23.0817 36.919 -10968 18
7.79762 -12.0155 50.581 -9935 19
14.7706 -22.5373 36.919 -9897 18
9.39215 -11.2766 50.581 -8938 19
4.88081 -5.52074 50.581 -8695 19
9.25603 -9.35149 50.581 -8234 19
5.21138 -4.6068 50.581 -7687 19
4.18077 -3.57619 50.581 -7553 19
4.56968 -3.88732 50.581 -7531 19
6.26143 -5.0346 50.581 -7302 19
6.51422 -4.74292 50.581 -6902 19
14.2146 -9.72095 50.581 -6654 19
30.5293 -16.313 49.419 -5705 19
4.97803 -2.63633 50.581 -5672 19
10.9543 -5.70871 50.581 -5613 19
15.3424 -7.46528 50.581 -5362 19
18.3176 -8.19772 50.581 -5065 19
22.5891 -9.21537 49.419 -4747 19
9.46993 -3.09006 50.581 -4030 19
20.8844 -5.38462 50.581 -3358 19
24.8457 -5.99576 49.419 -3185 19
11.8812 -0.892723 50.581 -1145 19
11.1228 0.293449 50.581 421 19
14.4091 1.63518 50.581 1669 19
5.79297 2.43068 49.419 4842 19
6.04576 2.83904 49.419 5235 19
24.3262 11.7857 50.581 5347 19
9.87651 5.01692 49.419 5519 19
13.3767 9.46993 49.419 6791 19
18.1338 15.4856 50.581 7546 19
17.7643 17.4496 50.581 8118 19
5.01515 5.7364 49.419 8741 19
10.596 13.3007 49.419 9119 19
9.75595 14.4674 49.419 9785 19
3.69286 11.4145 49.419 12379 19
2.87616 15.0702 49.419 13758 19
1.37886 7.68095 49.419 13890 19
-0.468458 9.62549 49.419 17144 19
-0.585131 9.04213 49.419 17379 19
-0.505582 7.29027 38.081 17446 18
-1.59453 7.40694 38.081 19286 18
-2.91681 5.4624 38.081 22087 18
-5.31509 8.41811 38.081 22725 18
-3.96687 6.00687 38.081 22900 18
-4.51782 6.76524 38.081 22944 18
-9.74864 13.085 38.081 23379 18
-4.12243 4.06233 38.081 24636 18
-17.1509 14.8351 36.919 25169 18
-4.0641 3.30396 38.081 25421 18
-15.1674 11.0627 38.081 25857 18
-15.7508 11.4905 36.919 25857 18
-22.4206 15.9824 36.919 25949 18
-13.2035 8.32088 38.081 26434 18
-28.6042 8.56719 36.919 28991 18
-13.2618 2.81782 38.081 29896 18
-20.5538 2.02056 38.081 31301 18
-8.76989 0.426033 38.081 32008 18
-27.1069 0.289914 36.919 32594 18
-26.1347 0.266581 38.081 32602 18

80 62.5 75
-24.1123 -1.47573 63.081 -31823 20
-6.84303 -0.525028 61.919 -31600 20
-14.3879 -9.08102 61.919 -26428 20
-9.23481 -6.06142 61.919 -26275 20
-5.11886 -3.67519 61.919 -25920 20
-4.49013 -4.16132 61.919 -24887 20
-6.18188 -6.98091 61.919 -24078 20
-3.67342 -4.97803 61.919 -23340 20
-9.48761 -13.5146 61.919 -23141 20
-13.7585 -19.8609 63.081 -23089 20
-4.7494 -7.63557 61.919 -22666 20
-17.1809 -28.1446 63.081 -22594 20
-6.83006 -11.8812 61.919 -22364 20
-3.56971 -6.37811 61.919 -22263 20
-3.3234 -5.95031 61.919 -22255 20
-4.0001 -7.54483 61.919 -22060 20
-7.04985 -35.32 63.081 -19110 20
-0.77605 -6.90313 61.919 -18039 20
-3.09595 -37.1867 63.081 -17643 20
-0.309359 -12.3479 61.919 -16784 20
0.740696 -11.0256 61.919 -15352 20
3.91737 -46.4594 63.081 -15109 20
6.78881 -42.0416 63.081 -14106 20
2.24771 -10.6658 61.919 -13532 20
9.72508 -39.0405 63.081 -13116 20
11.5977 -33.8351 61.919 -12201 20
7.00036 -14.174 75.581 -10967 21
13.5034 -27.2625 61.919 -10956 20
3.55852 -4.97626 75.581 -9552 21
4.25855 -5.48184 75.581 -9220 21
11.5311 -13.1045 75.581 -8715 21
21.2539 -21.5049 74.419 -8240 21
5.26971 -5.28739 75.581 -8205 21
22.09 -21.1743 74.419 -8018 21
5.3475 -4.74292 75.581 -7701 21
7.42816 -6.51245 75.581 -7653 21
8.88656 -7.11526 75.581 -7285 21
11.8423 -6.18188 75.581 -5619 21
25.2207 -13.1239 74.419 -5607 21
17.9287 -8.7422 75.581 -5370 21
25.5708 -11.4321 74.419 -5061 21
21.7789 -7.04396 74.419 -4004 21
29.207 -7.49769 74.419 -3346 21
31.5599 -6.84303 74.419 -2919 21
10.3839 -2.13075 75.581 -2789 21
27.3597 -1.94278 74.419 -1086 21
13.0673 0.371231 75.581 452 21
33.1545 3.77418 74.419 1674 21
6.80413 2.85848 74.419 4846 21
19.8343 8.39831 75.581 4873 21
21.8178 9.30835 75.581 4899 21
8.65145 4.04465 74.419 5219 21
12.8711 6.24199 74.419 5350 21
28.3514 13.8664 75.581 5381 21
24.9485 12.6219 75.581 5504 21
4.64569 3.38351 74.419 6904 21
11.5197 9.18797 74.419 7269 21
11.0043 9.64494 74.419 7652 21
23.0729 21.9026 75.581 7978 21
8.2042 8.41987 74.419 8298 21
7.1736 8.16708 74.419 8722 21
9.55832 28.6502 75.581 12285 21
7.74211 23.5749 75.581 12333 21
7.22486 37.984 75.581 13765 21
3.40118 18.8621 74.419 13880 21
-0.643467 13.6896 74.419 17119 21
-0.682358 12.834 74.419 17211 21
-4.43356 8.34032 63.081 22070 20
-4.09651 6.62913 63.081 22641 20
-17.4249 25.4541 74.419 23042 21
-14.6619 20.9799 61.919 23123 20
-4.39467 5.73464 63.081 23492 20
-16.3536 14.8934 61.919 24958 20
-26.6986 19.0937 61.919 25936 20
-10.7728 7.21249 63.081 26197 20
-19.7371 12.4433 61.919 26432 20
-15.6147 4.89848 63.081 28855 20
-20.1455 4.3216 63.081 29874 20
-24.6179 5.17602 61.919 29921 20
-13.3687 0.649654 63.081 32008 20

105 87.5 100
-42.848 -2.77274 86.919 -31772 22
-12.8923 -0.974039 88.081 -31617 22
-19.6593 -12.3691 88.081 -26440 22
-6.97914 -5.19841 86.919 -25773 22
-4.04288 -3.32517 86.919 -25373 22
-5.40406 -4.76413 86.919 -25091 22
-6.08465 -5.60028 86.919 -24915 22
-3.38174 -3.98631 86.919 -23903 22
-12.0084 -16.2829 88.081 -23338 22
-6.88192 -10.4422 86.919 -22892 22
-15.567 -25.0722 88.081 -22659 22
-3.86787 -6.88368 86.919 -22278 22
-6.5319 -11.8034 86.919 -22220 22
-13.1091 -24.7417 88.081 -22058 22
-2.37706 -5.75585 86.919 -21172 22
-1.70295 -10.8894 86.919 -18599 22
-0.497332 -11.0839 86.919 -17087 22
-1.05094 -40.1522 88.081 -16801 22
-0.0371227 -9.19769 86.919 -16449 22
1.2435 -22.5956 86.919 -15529 22
2.52378 -37.2451 88.081 -15344 22
3.0547 -14.3507 86.919 -13508 22
1.98343 -9.00147 100.581 -13425 23
7.06046 -18.5898 86.919 -11874 22
11.914 -30.7238 86.919 -11805 22
10.2106 -20.6511 86.919 -10963 22
15.597 -31.4822 86.919 -10956 22
3.44184 -6.88192 100.581 -10921 23
3.07238 -6.12354 100.581 -10910 23
5.22434 -10.4015 100.581 -10906 23
4.04465 -6.94025 100.581 -10351 23
7.05869 -9.9543 100.581 -9586 23
8.45877 -10.8877 100.581 -9220 23
8.45877 -10.2654 100.581 -8982 23
17.8704 -20.3771 99.419 -8728 23
7.21426 -7.77641 100.581 -8499 23
10.3644 -10.5377 100.581 -8259 23
5.87252 -5.8902 100.581 -8204 23
4.10299 -3.9651 100.581 -8051 23
10.6561 -9.42927 100.581 -7691 23
9.68383 -8.457 100.581 -7637 23
11.4728 -9.23481 100.581 -7306 23
10.8117 -8.65145 100.581 -7282 23
5.79474 -4.49013 100.581 -7152 23
18.337 -9.4876 99.419 -5586 23
20.3788 -9.94781 99.419 -5374 23
9.93662 -4.19845 100.581 -4866 23
16.3147 -5.87075 100.581 -4335 23
34.7296 -11.2831 99.419 -4017 23
16.6453 -3.1808 100.581 -2628 23
8.86712 -1.30108 100.581 -2096 23
18.4537 -2.02056 100.581 -1616 23
43.5578 -2.93449 99.419 -1034 23
9.64494 -0.0695324 100.581 -117 23
9.35325 0.15733 100.581 271 23
14.9535 0.468458 100.581 497 23
9.87828 0.397158 100.581 633 23
10.2866 1.47962 100.581 2060 23
9.10046 1.74538 100.581 2636 23
8.78757 1.69175 99.419 2644 23
8.12643 2.54735 99.419 3910 23
7.89308 2.58624 99.419 4043 23
6.39578 2.17789 99.419 4161 23
7.05693 2.55383 99.419 4353 23
7.77641 3.24739 99.419 4826 23
11.2766 5.26971 99.419 5218 23
27.1458 13.1015 100.581 5333 23
8.43755 4.14188 99.419 5394 23
32.3767 15.9859 100.581 5415 23
21.6493 12.2459 100.581 5919 23
5.48185 3.90853 99.419 6819 23
5.30684 3.88909 99.419 6929 23
10.3821 8.731 99.419 7484 23
23.2285 19.5692 100.581 7491 23
4.72347 4.16132 99.419 7673 23
7.67918 6.83183 99.419 7713 23
4.45124 4.12243 99.419 7877 23
9.35149 10.5783 99.419 8696 23
2.91505 4.8808 99.419 10257 23
7.58195 12.9312 99.419 10328 23
5.50718 30.5753 100.581 13883 23
-0.72125 16.5675 99.419 17067 23
-0.79903 17.7731 99.419 17088 23
-0.468458 9.50882 99.419 17153 23
-0.369463 7.30972 88.081 17172 22
-2.19085 5.42351 88.081 21098 22
-2.23623 5.20961 88.081 21304 22
-12.8085 29.8293 99.419 21305 23
-5.91141 11.2182 88.081 22038 22
-7.40871 12.0155 88.081 22633 22
-11.1422 16.3713 86.919 23019 22
-18.9935 27.8264 99.419 23030 23
-12.6006 16.7213 86.919 23424 22
-14.1887 17.6158 86.919 23693 22
-4.20021 3.05117 88.081 25874 22
-18.7065 12.3979 86.919 26237 22
-7.8754 5.20961 88.081 26244 22
-26.6597 16.7991 86.919 26434 22
-19.0371 11.6007 86.919 26564 22
-10.2089 5.40406 88.081 27097 22
-27.5347 8.65145 86.919 28850 22
-26.6791 5.7476 86.919 29863 22
-10.3644 1.24274 88.081 31013 22
-17.9481 0.892723 88.081 31991 22
-7.62261 0.225096 88.081 32298 22

106 112.5 125
-18.6871 -1.40184 113.081 -31624 24
-9.64494 -0.837921 113.081 -31458 24
-6.78469 -0.648182 111.919 -31339 24
-6.80414 -1.22506 111.919 -30268 24
-5.87075 -2.89737 111.919 -27354 24
-24.6374 -15.4414 113.081 -26455 24
-10.1488 -7.60316 111.919 -25750 24
-9.79873 -7.99207 111.919 -25407 24
-5.50129 -4.62801 111.919 -25282 24
-13.1433 -11.57 111.919 -25097 24
-7.64029 -7.07814 111.919 -24888 24
-5.69575 -6.68923 111.919 -23918 24
-5.20961 -6.51422 111.919 -23664 24
-3.45952 -5.15304 111.919 -22965 24
-11.7362 -18.033 113.081 -22843 24
-4.41235 -7.81707 111.919 -22295 24
-9.50705 -17.1898 111.919 -22218 24
-9.6361 -17.4496 113.081 -22212 24
-4.04288 -9.62549 111.919 -21230 24
-1.78721 -10.2477 111.919 -18817 24
-2.4678 -15.9064 111.919 -18584 24
-1.43719 -11.2978 111.919 -18232 24
-0.795496 -7.00035 111.919 -18055 24
-1.12607 -18.3759 111.919 -17330 24
-0.0176783 -11.5895 111.919 -16408 24
2.31253 -10.4714 111.919 -13420 24
4.20198 -18.2204 111.919 -13313 24
11.8246 -31.2488 111.919 -11886 24
17.2628 -34.6777 111.919 -10938 24
5.50306 -11.0043 125.581 -10922 25
5.17249 -10.3238 125.581 -10915 25
6.04753 -10.421 125.581 -10367 25
10.6172 -14.9388 125.581 -9577 25
12.3025 -16.0796 124.419 -9282 25
12.5034 -15.2435 124.419 -9000 25
12.8923 -13.9212 125.581 -8506 25
12.5229 -12.8517 125.581 -8298 25
15.3036 -15.5546 124.419 -8258 25
8.78934 -8.80701 125.581 -8200 25
6.1642 -5.94854 125.581 -8046 25
15.7314 -13.9601 124.419 -7703 25
11.8423 -10.3432 125.581 -7638 25
18.9204 -15.2046 124.419 -7299 25
14.1174 -11.3349 125.581 -7296 25
8.71156 -6.70691 125.581 -7126 25
5.05581 -2.74004 125.581 -5758 25
25.0652 -12.8711 124.419 -5558 25
22.9456 -11.2182 124.419 -5379 25
5.69751 -2.6817 125.581 -5243 25
17.7926 -7.54306 125.581 -4877 25
28.5653 -10.3238 124.419 -4349 25
5.98919 -2.11778 125.581 -4279 25
22.8289 -4.20493 125.581 -2548 25
16.0619 -2.36409 125.581 -2102 25
7.77817 -0.873278 125.581 -1653 25
32.3767 -3.57619 124.419 -1629 25
9.27547 -0.931614 125.581 -1495 25
6.96147 -0.60104 125.581 -1302 25
17.287 -0.153795 125.581 -144 25
12.7757 0.274004 125.581 344 25
16.8592 0.54624 125.581 514 25
14.798 0.624022 125.581 662 25
15.2647 2.25744 125.581 2110 25
16.3342 3.09359 125.581 2608 25
12.5034 3.89085 125.581 3888 25
14.6813 4.74645 125.581 4002 25
9.70151 3.30572 124.419 4163 25
10.6738 3.88909 124.419 4375 25
8.72923 3.65574 124.419 4836 25
14.0591 6.49654 125.581 5178 25
15.8091 7.70216 125.581 5367 25
5.34573 2.9946 124.419 5882 25
9.99319 7.13647 124.419 6825 25
5.94854 4.45301 124.419 7014 25
19.3199 16.2829 125.581 7493 25
14.0378 12.2312 124.419 7628 25
8.59312 7.64206 124.419 7712 25
8.06809 7.50594 124.419 7896 25
11.4905 13.0284 124.419 8705 25
5.32628 8.88656 124.419 10244 25
14.1085 24.1 125.581 10334 25
-0.118442 7.8754 124.419 16626 25
-0.760141 20.301 124.419 16975 25
-0.94163 21.8567 124.419 17060 25
-0.682358 14.3896 124.419 17125 25
-4.27976 15.0313 124.419 20015 25
-2.139 5.73464 113.081 20834 24
-6.41876 15.7702 124.419 21123 25
-5.30212 12.035 113.081 21394 24
-6.691 15.1091 124.419 21412 25
-7.4476 14.0767 113.081 22053 24
-8.14941 15.4008 124.419 22053 25
-12.22 19.9121 124.419 22614 25
-10.5783 17.2074 111.919 22621 24
-3.88909 4.45124 113.081 24023 24
-5.81419 5.52074 113.081 24788 24
-6.02809 4.41235 113.081 25843 24
-13.0868 8.6709 113.081 26238 24
-27.3597 17.6547 111.919 26342 24
-17.0536 9.21537 113.081 27020 24
-6.592 3.49841 113.081 27087 24
-6.04753 2.02056 113.081 28664 24
-33.5823 7.19304 111.919 29877 24
-17.1898 2.01408 113.081 31049 24
-22.5956 1.06773 113.081 32028 24
-17.5787 0.614004 113.081 32215 24

105 137.5 150
-24.4818 -1.82964 138.081 -31628 26
-12.6006 -1.09719 138.081 -31455 26
-9.64494 -0.915703 138.081 -31347 26
-10.9769 -1.93659 138.081 -30310 26
-7.69863 -3.83075 136.919 -27324 26
-29.596 -18.5333 138.081 -26458 26
-4.68458 -2.9557 136.919 -26429 26
-13.2989 -9.93662 136.919 -25761 26
-15.8781 -12.9577 138.081 -25405 26
-7.73751 -6.51422 136.919 -25279 26
-21.1867 -18.6941 138.081 -25087 26
-9.21537 -8.49765 136.919 -24907 26
-7.97086 -9.39215 136.919 -23905 26
-7.30972 -9.1588 136.919 -23656 26
-5.52073 -8.18653 136.919 -22982 26
-16.3253 -25.2667 138.081 -22814 26
-4.89848 -8.76989 136.919 -22255 26
-12.5205 -22.836 138.081 -22185 26
-3.67342 -7.70039 136.919 -21675 26
-5.6763 -13.5535 136.919 -21220 26
-2.85671 -16.2953 136.919 -18827 26
-3.22617 -20.9427 136.919 -18571 26
-2.29279 -17.9092 136.919 -18243 26
-1.10662 -9.87828 136.919 -18034 26
-1.92922 -26.064 138.081 -17513 26
0.00176811 -13.9813 136.919 -16381 26
3.07415 -13.7868 136.919 -13396 26
5.36223 -22.0511 136.919 -13179 26
2.66402 -6.92081 150.581 -11830 27
11.2412 -22.4595 136.919 -10918 26
6.88368 -13.7462 150.581 -10917 27
8.10875 -13.8823 150.581 -10342 27
13.9618 -19.6576 149.419 -9579 27
16.0814 -21.2715 149.419 -9330 27
16.587 -20.4159 149.419 -9039 27
18.3759 -19.7937 149.419 -8496 27
20.476 -20.8048 149.419 -8257 27
11.7062 -11.7238 150.581 -8198 27
8.38098 -8.00975 150.581 -8006 27
21.04 -18.6983 149.419 -7709 27
13.9618 -12.1127 150.581 -7611 27
16.587 -13.3767 149.419 -7314 27
11.6478 -8.94313 150.581 -7115 27
5.98919 -3.20673 150.581 -5713 27
25.5124 -12.4628 149.419 -5376 27
7.2337 -3.36229 150.581 -5198 27
25.2791 -10.7256 149.419 -4880 27
7.07814 -2.50669 150.581 -4284 27
5.79474 -1.45664 150.581 -3291 27
28.7598 -5.20961 149.419 -2512 27
23.2762 -3.42063 150.581 -2099 27
10.3839 -1.14551 150.581 -1627 27
12.3673 -1.26219 150.581 -1517 27
9.27547 -0.814939 150.581 -1323 27
24.9291 -0.23806 150.581 -154 27
16.198 0.351786 150.581 348 27
18.7843 0.643467 150.581 542 27
19.7371 0.818476 150.581 652 27
20.1455 3.09359 150.581 2181 27
23.5679 4.41588 150.581 2585 27
16.7036 5.13536 150.581 3852 27
21.1372 6.80767 150.581 3991 27
13.1646 4.47422 150.581 4155 27
14.4674 5.27148 150.581 4375 27
7.11526 2.70292 149.419 4510 27
9.72095 4.06409 149.419 4830 27
16.6647 7.70216 150.581 5178 27
22.8484 11.0857 150.581 5352 27
6.7458 3.85019 149.419 5953 27
4.62624 3.09182 149.419 6563 27
14.524 10.332 149.419 6810 27
6.62913 4.97803 149.419 7026 27
5.05405 4.18077 149.419 7417 27
20.7783 17.8709 150.581 7575 27
12.4044 11.1422 149.419 7752 27
11.7238 10.8506 149.419 7875 27
13.7585 15.544 150.581 8691 27
7.65973 12.9312 149.419 10289 27
-0.157331 10.5589 149.419 16624 27
-0.818478 24.0929 149.419 16922 27
-1.09071 25.9597 149.419 17044 27
-0.896257 19.2704 149.419 17112 27
-6.28264 21.7789 149.419 20052 27
-2.97515 8.00975 138.081 20821 26
-9.33558 22.8873 149.419 21130 27
-9.80227 21.9539 149.419 21441 27
-9.62726 18.2787 149.419 22036 27
-2.76125 5.11238 138.081 22129 26
-15.5192 25.3374 149.419 22607 27
-6.12531 6.92081 138.081 24076 26
-9.11991 8.59311 138.081 24819 26
-3.79186 3.49841 138.081 24905 26
-4.37522 3.45952 138.081 25533 26
-7.93374 5.77353 138.081 25867 26
-18.1037 11.9766 136.919 26244 26
-23.704 12.8322 136.919 27013 26
-10.3644 5.48185 138.081 27100 26
-4.95859 2.29279 138.081 27587 26
-5.32805 2.23446 138.081 27927 26
-22.5256 8.40255 136.919 28316 26
-6.66979 2.40947 138.081 28419 26
-8.43932 2.85671 138.081 28624 26
-24.054 2.79837 138.081 31060 26
-27.0097 1.20385 136.919 32068 26
-27.0292 0.964022 136.919 32203 26

117 162.5 175
-8.55599 -0.0601044 163.081 -32653 28
-30.0043 -2.25744 161.919 -31621 28
-15.5563 -1.38239 163.081 -31430 28
-12.3867 -1.1685 163.081 -31355 28
-15.0313 -2.68524 163.081 -30284 28
-35.9352 -8.69388 161.919 -29576 28
-9.5265 -4.72524 161.919 -27335 28
-4.93737 -2.89737 161.919 -26709 28
-5.81242 -3.61685 161.919 -26483 28
-4.179 -3.07238 161.919 -25826 28
-16.5587 -12.4327 163.081 -25741 28
-4.76236 -3.73352 161.919 -25568 28
-21.6534 -17.683 163.081 -25402 28
-9.9543 -8.38098 161.919 -25278 28
-10.7516 -9.95606 161.919 -24890 28
-10.3043 -12.0756 161.919 -23927 28
-9.44872 -11.7645 161.919 -23681 28
-7.56251 -11.2006 161.919 -22987 28
-5.42351 -9.68383 161.919 -22265 28
-15.4308 -28.1835 163.081 -22180 28
-5.05404 -10.5589 161.919 -21687 28
-7.32916 -17.5009 161.919 -21220 28
-3.92621 -22.3428 161.919 -18832 28
-3.99692 -26.239 163.081 -18549 28
-3.18021 -24.8778 163.081 -18241 28
-1.41775 -12.7562 161.919 -18022 28
-0.814939 -7.40871 161.919 -18007 28
-2.55148 -33.531 163.081 -17542 28
0.00176716 -16.3536 161.919 -16382 28
0.991717 -6.37634 175.581 -14178 29
1.30284 -6.06521 175.581 -13486 29
3.81307 -17.0925 161.919 -13395 28
6.51599 -25.9013 161.919 -13090 28
1.62045 -6.43467 175.581 -13088 29
3.48073 -9.05981 175.581 -11836 29
15.3701 -30.7627 161.919 -10925 28
7.66975 -15.2841 161.919 -10909 28
9.0439 -18.0065 161.919 -10906 28
10.0338 -17.2074 174.419 -10349 29
17.462 -24.6356 174.419 -9587 29
19.9899 -26.3857 174.419 -9321 29
20.6705 -25.6662 174.419 -9075 29
14.5193 -14.4851 174.419 -8182 29
10.6755 -10.071 175.581 -7953 29
4.45301 -4.00399 175.581 -7757 29
15.9647 -13.7656 174.419 -7586 29
19.1926 -15.4768 174.419 -7313 29
14.6035 -11.1988 175.581 -7111 29
4.97803 -2.97338 175.581 -6126 29
6.96147 -3.71231 175.581 -5698 29
28.0792 -13.7073 174.419 -5374 29
8.75045 -4.10122 175.581 -5228 29
8.22542 -2.87616 175.581 -4244 29
7.58372 -1.92333 175.581 -3314 29
35.0018 -6.11058 174.419 -2435 29
30.0626 -4.37346 174.419 -2080 29
12.9429 -1.43331 175.581 -1633 29
15.4397 -1.6122 175.581 -1549 29
11.6089 -1.0094 175.581 -1310 29
32.1822 -0.30936 174.419 -155 29
19.601 0.449013 175.581 366 29
20.6511 0.721249 175.581 552 29
24.6374 1.05182 175.581 670 29
25.0263 3.92974 175.581 2223 29
30.7821 5.71873 175.581 2566 29
20.8844 6.39932 175.581 3842 29
27.5736 8.8624 175.581 3985 29
16.4703 5.56316 175.581 4136 29
18.1037 6.57433 175.581 4364 29
9.3126 3.53907 174.419 4511 29
16.1397 6.2632 175.581 4580 29
10.6738 4.43356 174.419 4808 29
19.2899 8.90129 175.581 5173 29
29.8293 14.5145 175.581 5362 29
8.14587 4.65394 174.419 5957 29
5.32628 3.5974 174.419 6604 29
19.2227 13.6707 175.581 6809 29
7.25138 5.5225 174.419 7083 29
6.29855 5.23082 174.419 7433 29
16.4031 14.8439 175.581 7783 29
15.5475 14.3772 175.581 7871 29
15.917 18.0135 175.581 8698 29
3.80954 4.60857 174.419 8969 29
3.63453 4.78358 174.419 9310 29
10.1417 17.1774 175.581 10301 29
10.0126 16.9953 174.419 10309 29
0.497333 8.5171 174.419 15480 29
-0.196222 13.2035 174.419 16623 29
-0.844992 28.0085 175.581 16863 29
-0.857368 27.8264 174.419 16873 29
-1.27279 30.2642 175.581 17045 29
-1.11016 24.1512 174.419 17104 29
-8.29201 28.507 174.419 20075 29
-3.81131 10.2849 163.081 20813 28
-12.2524 30.0043 174.419 21134 29
-12.8293 28.6626 174.419 21449 29
-11.144 21.1955 174.419 22029 29
-3.53907 6.59023 163.081 22108 28
-18.7861 30.7821 174.419 22593 29
-6.96147 10.4793 163.081 22923 28
-3.79186 4.78181 163.081 23630 28
-8.34209 9.40982 163.081 24083 28
-17.5203 19.4048 161.919 24157 28
-18.2982 19.7937 161.919 24254 28
-12.4645 11.7044 163.081 24833 28
-4.86136 4.49013 163.081 24901 28
-5.9503 4.72347 163.081 25517 28
-9.8005 7.1736 163.081 25843 28
-23.2762 15.4379 161.919 26234 28
-14.1563 7.4588 163.081 27114 28
-6.3781 2.97338 163.081 27558 28
-6.82535 2.87616 163.081 27910 28
-8.55599 3.12895 163.081 28380 28
-10.8117 3.67342 163.081 28613 28
-30.6071 3.53082 161.919 31073 28
-31.6377 1.32052 161.919 32111 28
-36.9463 1.36589 161.919 32183 28

117 187.5 200
-10.1894 -0.0601044 188.081 -32671 30
-35.799 -2.68524 186.919 -31624 30
-18.5315 -1.63519 188.081 -31439 30
-7.69862 -0.719482 186.919 -31367 30
-15.1285 -1.42128 188.081 -31360 30
-19.0954 -3.36583 188.081 -30312 30
-36.9463 -9.08279 186.919 -29534 30
-11.3738 -5.62621 186.919 -27345 30
-6.04576 -3.53907 186.919 -26718 30
-6.92081 -4.33633 186.919 -26456 30
-5.30684 -3.88909 186.919 -25838 30
-19.6505 -14.8245 188.081 -25722 30
-6.06521 -4.76413 186.919 -25560 30
-12.1905 -10.2672 186.919 -25277 30
-12.3072 -11.4339 186.919 -24877 30
-5.87075 -5.58084 186.919 -24783 30
-12.7279 -14.9023 188.081 -23931 30
-11.5877 -14.3702 186.919 -23697 30
-3.63453 -4.55023 186.919 -23659 30
-9.58483 -14.2341 186.919 -22976 30
-5.96798 -10.6172 186.919 -22279 30
-6.43467 -13.4173 186.919 -21694 30
-9.12403 -21.6693 188.081 -21238 30
-5.0016 -28.6696 188.081 -18817 30
-4.79418 -31.3142 188.081 -18559 30
-4.01637 -31.5476 188.081 -18234 30
-1.74832 -15.6147 186.919 -18033 30
-0.989948 -9.06157 186.919 -17997 30
-2.86909 -41.0953 188.081 -17453 30
-0.0176773 -18.7454 186.919 -16399 30
1.16673 -7.64029 200.581 -14213 31
1.53619 -7.30972 200.581 -13538 31
4.552 -20.3594 186.919 -13390 30
1.96399 -7.69862 200.581 -13053 31
7.65679 -29.6348 186.919 -13020 30
4.31689 -11.1794 200.581 -11819 31
11.4551 -22.9067 186.919 -10922 30
9.40688 -18.7065 186.919 -10901 30
11.0662 -18.9399 186.919 -10341 30
19.175 -27.1264 186.919 -9598 30
7.98235 -10.9363 200.581 -9471 31
3.48073 -4.00399 200.581 -8764 31
17.462 -17.4019 199.419 -8177 31
12.9701 -12.1322 200.581 -7918 31
5.32805 -4.80125 200.581 -7765 31
18.0259 -15.5546 199.419 -7589 31
21.7659 -17.6352 199.419 -7333 31
17.3842 -13.3572 199.419 -7118 31
5.98919 -3.59564 200.581 -6146 31
7.8754 -4.23734 200.581 -5731 31
5.23082 -2.72059 200.581 -5605 31
30.6655 -14.9712 199.419 -5374 31
10.2672 -4.76236 200.581 -5191 31
9.33381 -3.28451 200.581 -4264 31
9.33381 -2.35113 200.581 -3296 31
37.1019 -5.7476 199.419 -2197 31
15.5563 -1.68999 200.581 -1605 31
18.5121 -1.91037 200.581 -1532 31
13.9521 -1.23302 200.581 -1330 31
39.8048 -0.387141 199.419 -157 31
22.9651 0.507349 200.581 354 31
22.5956 0.79903 200.581 559 31
29.3237 1.27869 199.419 684 31
29.8876 4.70756 200.581 2229 31
37.6853 6.96972 199.419 2557 31
25.1186 7.67785 200.581 3835 31
34.049 10.9301 200.581 3981 31
19.7566 6.67155 200.581 4136 31
21.7594 7.89661 200.581 4362 31
11.6284 4.37699 200.581 4480 31
11.5294 4.35578 199.419 4492 31
11.6266 4.84191 199.419 4817 31
21.915 10.0745 200.581 5159 31
5.15127 2.41123 199.419 5223 31
9.54594 5.48362 199.419 5977 31
5.98743 4.14188 199.419 6699 31
7.91253 6.02808 199.419 7084 31
7.56251 6.30032 199.419 7446 31
20.2144 18.4219 200.581 7811 31
19.1449 17.7413 200.581 7880 31
18.0949 20.4248 200.581 8687 31
4.72347 5.71696 199.419 8971 31
4.25678 5.56139 199.419 9280 31
3.28451 4.43356 199.419 9411 31
12.4946 21.2026 200.581 10308 31
2.19557 6.45588 199.419 12226 31
0.601039 10.5394 199.419 15500 31
0.0176764 8.16708 199.419 16348 31
-0.274005 15.848 199.419 16662 31
-0.864439 31.6837 200.581 16819 31
-1.44132 34.3866 200.581 17043 31
-1.29224 29.2336 200.581 17077 31
-10.2884 35.1962 199.419 20089 31
-1.86676 6.20133 188.081 20174 30
-4.99925 13.5729 199.419 20794 31
-15.1692 37.1213 199.419 21136 31
-15.8692 35.3324 199.419 21461 31
-2.45012 5.0346 188.081 21747 30
-12.6607 24.1123 199.419 22024 31
-4.31689 8.06809 188.081 22094 30
-8.53655 12.8322 188.081 22929 30
-3.36406 4.43179 188.081 23454 30
-4.82247 6.08465 188.081 23628 30
-10.5394 11.8794 188.081 24086 30
-21.6817 23.8772 186.919 24181 30
-15.6341 14.6406 186.919 24844 30
-5.9503 5.50129 188.081 24897 30
-24.4624 19.9946 186.919 25399 30
-7.53187 5.96798 188.081 25524 30
-11.6673 8.52182 188.081 25852 30
-17.7731 9.3126 186.919 27134 30
-7.75873 3.65397 188.081 27522 30
-8.32265 3.51786 188.081 27900 30
-10.4228 3.82898 188.081 28366 30
-13.2618 4.49013 188.081 28623 30
-37.4811 4.33132 186.919 31070 30
-36.2852 1.37886 186.919 32168 30

118 212.5 225
-11.8228 -0.0601044 213.081 -32685 32
-41.5938 -3.07415 211.919 -31640 32
-21.5067 -1.88798 213.081 -31445 32
-17.8509 -1.65463 213.081 -31378 32
-9.19769 -0.857368 213.081 -31370 32
-23.1595 -4.00753 213.081 -30351 32
-6.08466 -1.40007 211.919 -29703 32
-32.96 -8.55776 213.081 -29390 32
-6.12354 -1.98343 211.919 -28759 32
-13.2211 -6.51422 211.919 -27359 32
-5.52074 -2.89737 211.919 -27128 32
-5.19016 -2.91682 211.919 -26873 32
-7.15415 -4.18077 211.919 -26724 32
-8.04864 -5.03637 211.919 -26461 32
-6.43467 -4.7058 211.919 -25847 32
-4.37346 -3.26683 211.919 -25762 32
-22.7423 -17.2163 213.081 -25708 32
-7.32916 -5.75585 211.919 -25560 32
-14.4267 -12.1534 211.919 -25276 32
-13.8823 -12.8534 211.919 -24891 32
-6.39578 -6.06697 211.919 -24792 32
-15.0808 -17.6052 213.081 -23943 32
-13.778 -17.1191 213.081 -23690 32
-4.29567 -5.36694 211.919 -23667 32
-11.7168 -17.3913 213.081 -22978 32
-3.30396 -5.11415 211.919 -22814 32
-6.47356 -11.5895 211.919 -22255 32
-7.79585 -16.2564 211.919 -21694 32
-10.8028 -25.6167 213.081 -21243 32
-6.09055 -34.7366 213.081 -18828 32
-5.55256 -36.3506 213.081 -18555 32
-5.08587 -38.5674 213.081 -18292 32
-4.77474 -38.1785 213.081 -18205 32
-2.07889 -18.4732 211.919 -18041 32
-1.1844 -10.7339 211.919 -18012 32
-2.8545 -37.0652 213.081 -17555 32
-0.0176764 -21.1566 211.919 -16397 32
1.82787 -8.53478 225.581 -13494 33
5.25204 -23.6262 211.919 -13404 32
2.27512 -9.02091 225.581 -13084 33
8.79111 -33.3878 211.919 -12969 32
4.64923 -12.1339 211.919 -11845 32
13.8923 -27.807 211.919 -10925 32
11.144 -22.1289 211.919 -10896 32
13.108 -22.4206 211.919 -10339 32
4.12243 -4.76236 225.581 -8782 33
20.3983 -20.3382 224.419 -8179 33
15.2452 -14.0184 224.419 -7848 33
6.22254 -5.61796 225.581 -7773 33
20.126 -17.3436 224.419 -7583 33
24.3457 -19.7742 224.419 -7343 33
20.301 -15.574 224.419 -7112 33
7.03925 -4.179 225.581 -6103 33
8.82823 -4.72347 225.581 -5710 33
6.24198 -3.26507 225.581 -5626 33
11.8228 -5.4624 225.581 -5177 33
30.121 -11.8988 224.419 -4639 33
29.6932 -10.9655 224.419 -4418 33
10.4616 -3.63453 225.581 -4224 33
11.1033 -2.83727 225.581 -3334 33
18.1815 -1.94278 225.581 -1581 33
21.6039 -2.2539 225.581 -1547 33
16.2758 -1.43719 225.581 -1329 33
26.368 0.604576 225.581 367 33
24.5207 0.896257 225.581 577 33
34.2434 1.47962 224.419 678 33
34.5545 5.48538 224.419 2244 33
29.3237 8.92722 225.581 3823 33
23.1012 7.7605 225.581 4119 33
25.4346 9.21242 225.581 4356 33
13.8257 5.25204 225.581 4510 33
12.6395 5.23259 225.581 4796 33
24.5596 11.2412 225.581 5144 33
6.02632 2.81959 224.419 5222 33
10.9849 6.30032 224.419 5971 33
6.60968 4.60857 224.419 6730 33
28.2348 20.05 225.581 6803 33
8.53478 6.57256 224.419 7127 33
8.78757 7.36982 224.419 7473 33
24.0646 21.961 225.581 7817 33
22.7618 21.0989 225.581 7881 33
20.2728 22.8749 225.581 8686 33
5.61796 6.84479 224.419 8998 33
4.91793 6.3781 224.419 9250 33
3.55675 4.78358 224.419 9397 33
14.8086 25.2278 225.581 10323 33
2.62337 7.6615 224.419 12204 33
0.717712 12.5229 224.419 15495 33
0.0565681 9.68383 224.419 16288 33
-0.351786 18.4926 224.419 16689 33
-0.825548 35.3394 225.581 16758 33
-1.52558 38.7618 225.581 17004 33
-1.56447 38.4896 225.581 17023 33
-1.56447 34.0949 225.581 17102 33
-1.18617 6.64857 213.081 18864 32
-2.17789 7.32916 213.081 20137 32
-4.04642 12.8145 224.419 20315 33
-5.81595 15.8675 224.419 20778 33
-4.43356 10.4664 213.081 21259 32
-2.91682 5.96798 213.081 21762 32
-14.1775 27.0292 224.419 22021 33
-5.13359 9.50705 213.081 22128 32
-2.92978 5.38462 213.081 22157 32
-10.0468 15.1462 213.081 22917 32
-4.08354 5.34573 213.081 23479 32
-5.83363 7.32916 213.081 23645 32
-12.7562 14.3295 213.081 24100 32
-18.9593 17.7714 211.919 24840 32
-7.0198 6.49301 213.081 24895 32
-9.13935 7.21249 213.081 25541 32
-13.534 9.89596 213.081 25848 32
-4.7058 2.62337 213.081 26903 32
-21.5455 11.296 211.919 27132 32
-9.17825 4.29567 213.081 27544 32
-9.87828 4.14011 213.081 27929 32
-12.3284 4.51606 213.081 28375 32
-15.6341 5.30684 213.081 28615 32
-40.991 1.4696 211.919 32200 32

109 237.5 250
-13.4368 -0.0795498 238.081 -32671 34
-47.408 -3.46954 236.919 -31650 34
-24.4429 -2.14076 238.081 -31448 34
-20.5733 -1.88798 238.081 -31390 34
-10.5978 -1.01293 238.081 -31338 34
-27.2431 -4.70756 238.081 -30354 34
-7.1736 -1.63342 236.919 -29729 34
-35.8379 -8.71332 236.919 -29563 34
-7.05693 -2.29456 236.919 -28747 34
-15.148 -7.46881 238.081 -27357 34
-6.59023 -3.38351 236.919 -27209 34
-6.1041 -3.44184 236.919 -26860 34
-8.26254 -4.82247 236.919 -26729 34
-9.15703 -5.71696 236.919 -26470 34
-7.56251 -5.5225 236.919 -25853 34
-5.11238 -3.8502 236.919 -25729 34
-8.65145 -6.76701 236.919 -25577 34
-16.7531 -14.105 238.081 -25279 34
-15.4892 -14.3967 238.081 -24875 34
-6.8884 -6.53366 236.919 -24792 34
-17.4337 -20.3081 238.081 -23952 34
-15.8975 -19.7831 238.081 -23683 34
-4.93737 -6.24199 236.919 -23620 34
-13.7585 -20.4053 238.081 -22982 34
-3.79009 -5.87252 236.919 -22810 34
-3.01227 -4.86136 236.919 -22652 34
-7.01803 -12.5229 236.919 -22268 34
-9.2083 -19.2386 238.081 -21687 34
-2.60392 -5.61973 236.919 -21571 34
-12.4751 -29.5836 238.081 -21243 34
-2.40947 -21.3705 236.919 -18044 34
-1.37886 -12.4062 236.919 -18022 34
-0.095458 -7.54483 236.919 -16588 34
0.00176811 -23.5095 236.919 -16382 34
1.46017 -9.48937 236.919 -14199 34
5.96179 -26.9028 236.919 -13411 34
2.39356 -9.64494 236.919 -13126 34
9.9649 -37.284 238.081 -12928 34
5.46594 -14.2729 236.919 -11847 34
16.3295 -32.7072 236.919 -10928 34
12.8552 -25.5513 236.919 -10900 34
15.1498 -25.9013 236.919 -10337 34
4.78358 -5.50129 250.581 -8763 35
23.354 -23.255 249.419 -8174 35
3.77241 -3.63453 250.581 -8039 35
17.5787 -16.0407 249.419 -7817 35
7.07814 -6.39578 250.581 -7777 35
22.3039 -19.0937 249.419 -7556 35
23.179 -17.8297 249.419 -7123 35
8.05041 -4.80125 250.581 -6120 35
9.78105 -5.20961 250.581 -5693 35
7.25315 -3.80954 250.581 -5641 35
13.3201 -6.14299 250.581 -5171 35
11.5895 -3.98455 250.581 -4191 35
32.9406 -10.1682 249.419 -3864 35
12.8534 -3.30396 250.581 -3350 35
20.7872 -2.21501 250.581 -1577 35
24.5401 -2.54558 249.419 -1539 35
18.6287 -1.6122 250.581 -1304 35
29.4404 0.799031 249.419 432 35
26.4263 0.974039 250.581 582 35
39.1631 1.65463 249.419 664 35
39.552 6.29561 249.419 2249 35
33.5239 10.2236 250.581 3828 35
33.9517 10.444 250.581 3854 35
26.4458 8.84944 250.581 4107 35
29.1098 10.5023 250.581 4343 35
16.0619 6.08819 250.581 4503 35
13.5729 5.6215 250.581 4798 35
27.1847 12.4274 250.581 5140 35
6.90136 3.22794 249.419 5221 35
12.4239 7.11703 249.419 5967 35
7.27082 5.07526 249.419 6735 35
9.19592 7.11703 249.419 7148 35
10.0904 8.36154 249.419 7424 35
6.55134 7.93374 249.419 8973 35
5.55963 7.17537 249.419 9231 35
3.82898 5.21138 249.419 9444 35
17.1615 29.2141 250.581 10321 35
3.0382 8.90601 249.419 12216 35
0.795495 14.5452 249.419 15534 35
0.0565662 11.2395 249.419 16301 35
-0.806101 39.0146 250.581 16715 35
-0.449014 21.1566 249.419 16724 35
-1.70059 42.5537 250.581 17013 35
-1.79782 38.9952 250.581 17106 35
-0.93515 14.2924 249.419 17390 35
-1.38063 7.8153 238.081 18843 34
-2.52791 8.457 238.081 20154 34
-6.63266 18.162 249.419 20766 35
-3.32517 6.88192 238.081 21721 34
-15.7137 29.9265 249.419 22024 35
-5.91141 10.9849 238.081 22116 34
-3.36406 6.22077 238.081 22134 34
-11.4728 17.4408 236.919 22885 34
-4.80302 6.29855 238.081 23472 34
-6.86424 8.59311 238.081 23659 34
-14.8563 16.663 236.919 24106 34
-22.265 20.8826 236.919 24838 34
-8.0893 7.48472 238.081 24894 34
-10.7339 8.49589 238.081 25529 34
-15.4137 11.2571 238.081 25852 34
-5.34749 2.99283 238.081 26888 34
-25.3374 13.26 236.919 27139 34
-10.5589 4.97626 238.081 27519 34
-11.3561 4.76236 238.081 27927 34
-14.2341 5.22906 238.081 28366 34
-18.0259 6.14299 238.081 28603 34
-5.91141 1.57331 238.081 29324 34

118 262.5 275
-15.0702 -0.0795498 263.081 -32681 36
-27.4181 -2.43245 263.081 -31432 36
-23.2956 -2.12132 263.081 -31400 36
-11.9978 -1.1296 263.081 -31358 36
-36.0518 -5.23259 261.919 -30691 36
-31.2683 -5.34926 263.081 -30374 36
-8.22365 -1.90565 261.919 -29685 36
-7.9903 -2.60569 261.919 -28738 36
-16.9953 -8.34386 263.081 -27372 36
-7.6014 -3.92798 261.919 -27186 36
-7.01803 -3.96687 261.919 -26851 36
-4.80125 -2.76125 261.919 -26785 36
-4.64569 -2.68347 261.919 -26769 36
-9.40982 -5.46417 261.919 -26749 36
-10.2654 -6.43644 261.919 -26454 36
-9.13759 -6.20309 261.919 -26143 36
-8.69034 -6.33921 261.919 -25857 36
-5.92909 -4.43356 261.919 -25758 36
-9.97374 -7.77818 261.919 -25589 36
-18.9699 -16.0107 263.081 -25269 36
-17.0448 -15.8357 263.081 -24877 36
-7.36805 -6.96147 261.919 -24808 36
-19.7672 -23.0305 263.081 -23951 36
-18.0365 -22.3888 263.081 -23694 36
-5.59852 -7.09758 261.919 -23608 36
-3.14839 -4.56968 261.919 -23067 36
-15.8003 -23.4194 263.081 -22984 36
-4.29567 -6.68923 261.919 -22791 36
-3.44007 -5.60028 261.919 -22618 36
-7.54306 -13.4757 261.919 -22263 36
-10.5889 -22.0971 263.081 -21691 36
-2.99283 -6.43644 261.919 -21584 36
-2.77893 -24.229 261.919 -18069 36
-2.77186 -24.3916 263.081 -18055 36
-1.59276 -14.0979 261.919 -18047 36
-0.212132 -8.75045 261.919 -16771 36
-0.0176764 -25.9013 261.919 -16395 36
1.69352 -10.7339 261.919 -14151 36
2.1991 -10.3061 261.919 -13502 36
6.691 -30.1599 261.919 -13409 36
2.74357 -11.0061 261.919 -13114 36
2.89914 -10.8506 261.919 -12929 36
10.9761 -41.0175 263.081 -12925 36
6.28264 -16.4119 261.919 -11848 36
14.5664 -28.9737 261.919 -10902 36
17.1721 -29.4015 261.919 -10343 36
5.42528 -6.29855 275.581 -8802 37
4.20021 -4.06233 275.581 -8055 37
19.9316 -18.0825 274.419 -7793 37
7.97263 -7.21249 275.581 -7781 37
24.5013 -20.8891 274.419 -7540 37
26.0958 -20.0465 274.419 -7118 37
9.04213 -5.40406 275.581 -6128 37
10.695 -5.73464 275.581 -5718 37
8.28376 -4.33456 275.581 -5628 37
14.8563 -6.86247 275.581 -5176 37
5.67807 -2.04 275.581 -4330 37
12.7368 -4.35401 275.581 -4173 37
37.0825 -9.68206 274.419 -3392 37
14.623 -3.7512 275.581 -3344 37
23.3929 -2.48725 275.581 -1574 37
27.6125 -2.8956 274.419 -1555 37
20.9816 -1.78721 275.581 -1286 37
32.6683 0.993485 274.419 483 37
28.2542 1.05182 274.419 588 37
44.1023 1.82316 274.419 650 37
38.2881 4.24087 274.419 1633 37
44.5301 7.0475 274.419 2238 37
37.7241 11.494 275.581 3826 37
11.8423 3.77418 275.581 3959 37
29.8293 9.93839 275.581 4094 37
32.7656 11.8246 275.581 4344 37
18.2593 6.92434 275.581 4504 37
14.5646 5.99096 275.581 4775 37
29.8099 13.6136 275.581 5136 37
7.75696 3.61685 274.419 5210 37
13.8628 7.93374 274.419 5963 37
7.89308 5.54195 274.419 6758 37
9.85707 7.6615 274.419 7165 37
4.33456 3.53907 274.419 7364 37
11.3738 9.41159 274.419 7418 37
7.44583 9.06157 274.419 8993 37
6.20132 7.97263 274.419 9215 37
4.10122 5.56139 274.419 9429 37
3.47896 10.1505 274.419 12201 37
0.931612 9.66438 274.419 14943 37
0.931612 16.5481 274.419 15510 37
0.0857372 12.8048 274.419 16275 37
-0.747765 42.612 275.581 16666 37
-0.565686 23.7623 274.419 16764 37
-1.83671 46.5789 275.581 17005 37
-2.06357 43.876 275.581 17119 37
-1.69352 9.48937 274.419 18865 37
-2.85848 9.60428 263.081 20141 36
-7.46882 20.4372 274.419 20769 37
-3.77241 7.83474 263.081 21708 36
-2.60569 5.26795 263.081 21806 36
-17.2304 32.8433 274.419 22021 37
-6.70868 12.4044 263.081 22134 36
-3.81131 7.04396 263.081 22136 36
-13.5163 21.0789 274.419 22785 37
-12.847 19.8909 261.919 22813 36
-13.0673 19.7742 261.919 22903 36
-5.50306 7.23193 263.081 23463 36
-7.85596 9.89596 263.081 23634 36
-3.69463 4.25678 263.081 23996 36
-17.0925 19.1325 261.919 24114 36
-9.19769 8.47644 263.081 24910 36
-12.309 9.75984 263.081 25522 36
-17.1898 12.5405 261.919 25857 36
-5.96975 3.34285 263.081 26886 36
-29.1293 15.224 261.919 27144 36
-11.9395 5.65685 263.081 27500 36
-12.8729 5.42351 263.081 27911 36
-16.1008 5.92909 263.081 28358 36
-20.3205 6.92081 261.919 28605 36
-6.68923 1.76777 263.081 29343 36
-6.82535 0.426033 263.081 31805 36

111 312.5 325
-18.337 -0.118439 313.081 -32662 38
-33.2128 -2.93803 311.919 -31436 38
-28.8181 -2.58801 313.081 -31417 38
-14.8369 -1.40184 313.081 -31353 38
-39.202 -6.59377 311.919 -30408 38
-10.4714 -2.44217 313.081 -29669 38
-9.89596 -3.22794 311.919 -28738 38
-6.02632 -2.43068 311.919 -28058 38
-20.6705 -10.1523 313.081 -27371 38
-9.62372 -5.0947 311.919 -27096 38
-8.80701 -5.05581 311.919 -26792 38
-11.7238 -6.77998 311.919 -26764 38
-5.83186 -3.40295 311.919 -26730 38
-12.5016 -7.81706 311.919 -26464 38
-11.2766 -7.68095 311.919 -26129 38
-10.9071 -8.01152 311.919 -25829 38
-7.40694 -5.60028 311.919 -25713 38
-12.5794 -9.83939 311.919 -25577 38
-4.76236 -3.73352 311.919 -25568 38
-23.4424 -19.7442 313.081 -25277 38
-20.1561 -18.7525 313.081 -24871 38
-8.46996 -7.93373 311.919 -24843 38
-8.22365 -7.89485 311.919 -24743 38
-6.88192 -8.80878 311.919 -23569 38
-15.3142 -21.5721 313.081 -23186 38
-3.9651 -5.7364 311.919 -23080 38
-5.30684 -8.24486 311.919 -22799 38
-4.33456 -7.03925 311.919 -22627 38
-8.59311 -15.3424 311.919 -22266 38
-13.3113 -27.7752 313.081 -21692 38
-3.80954 -8.14764 311.919 -21603 38
-2.04 -17.5009 311.919 -18094 38
-3.45245 -30.1281 313.081 -18068 38
-0.52326 -11.1617 311.919 -17117 38
-0.224506 -29.8169 313.081 -16506 38
-0.0106068 -30.7309 313.081 -16389 38
2.08243 -13.3007 311.919 -14166 38
1.22506 -6.33744 325.581 -13729 39
2.74357 -12.7951 311.919 -13491 38
8.15648 -36.8756 313.081 -13416 38
3.4825 -13.6896 311.919 -13061 38
4.24087 -16.5481 311.919 -13041 38
3.59917 -13.4174 311.919 -12918 38
7.93551 -20.6316 311.919 -11832 38
2.54735 -6.37634 325.581 -11707 39
6.72812 -7.83474 325.581 -8814 39
5.09471 -4.87904 325.581 -8014 39
9.70327 -8.90424 325.581 -7840 39
24.5596 -22.2438 324.419 -7786 39
11.045 -6.62913 325.581 -6145 39
12.6006 -6.70691 325.581 -5691 39
10.3061 -5.42351 325.581 -5649 39
5.85308 -2.91505 325.581 -5447 39
17.9092 -8.2431 325.581 -5164 39
7.03925 -2.54558 325.581 -4351 39
14.9535 -5.05405 325.581 -4138 39
18.162 -4.64569 325.581 -3337 39
6.49478 -1.06773 325.581 -2313 39
33.8156 -3.61508 324.419 -1582 39
28.507 -3.01227 324.419 -1565 39
25.5319 -2.13723 324.419 -1265 39
31.978 1.08099 324.419 535 39
39.1631 1.3435 324.419 543 39
7.70039 0.293449 325.581 601 39
14.5257 4.62978 325.581 3959 39
14.3896 4.72701 325.581 4051 39
22.6539 8.59665 325.581 4507 39
16.4703 6.76878 325.581 4772 39
35.0601 15.9859 325.581 5130 39
9.50705 4.43356 324.419 5210 39
16.8009 9.54948 325.581 5937 39
16.7213 9.54771 324.419 5954 39
9.2737 6.53366 324.419 6772 39
11.121 8.731 324.419 7205 39
5.40406 4.37523 324.419 7330 39
13.9601 11.4534 324.419 7383 39
3.61509 3.6363 324.419 8215 39
9.23481 11.2395 324.419 8994 39
7.42639 9.5866 324.419 9232 39
4.64569 6.33921 324.419 9454 39
4.29567 12.6006 324.419 12218 39
3.42004 31.755 325.581 14790 39
1.14551 20.5733 324.419 15519 39
0.114905 15.9258 324.419 16266 39
-0.728319 29.1363 325.581 16783 39
-2.14077 11.8034 324.419 18899 39
-3.65751 12.3867 324.419 20118 39
-9.08279 25.0457 324.419 20744 39
-4.6669 9.66261 313.081 21720 38
-3.30572 6.59023 313.081 21857 38
-8.6161 15.9453 324.419 22131 39
-8.28376 15.3018 313.081 22138 38
-4.7058 8.69034 313.081 22139 38
-3.15016 5.34573 313.081 22458 38
-16.3165 25.9013 324.419 22716 39
-16.9582 25.6874 324.419 22899 39
-6.96147 9.07925 313.081 23494 38
-9.89773 12.4044 313.081 23655 38
-4.51134 5.30684 313.081 23912 38
-21.5261 24.0328 311.919 24125 38
-11.3756 10.4599 313.081 24919 38
-15.4397 12.1905 311.919 25539 38
-20.9233 15.2629 311.919 25857 38
-7.25315 4.08177 313.081 26868 38
-14.7202 7.03748 313.081 27468 38
-15.9064 6.66802 313.081 27928 38
-19.7955 7.29027 311.919 28358 38
-25.1235 8.57367 311.919 28599 38
-8.24487 2.19557 313.081 29322 38
-8.59488 0.523258 313.081 31827 38
-7.00036 0.251022 313.081 32200 38

108 387.5 400
-23.2373 -0.118441 388.081 -32684 40
-8.49766 -0.0795479 388.081 -32616 40
-42.1188 -3.72881 386.919 -31435 40
-36.9074 -3.28805 386.919 -31427 40
-19.076 -1.79075 388.081 -31361 40
-13.6507 -3.13248 388.081 -29710 40
-12.7757 -4.16309 388.081 -28741 40
-7.91253 -3.15016 386.919 -28102 40
-26.2319 -12.7969 388.081 -27395 40
-12.6183 -6.76701 386.919 -27048 40
-4.91793 -2.64458 386.919 -27038 40
-15.3407 -8.78934 386.919 -26800 40
-11.5488 -6.66978 386.919 -26769 40
-7.34861 -4.25855 386.919 -26756 40
-7.67918 -4.47245 386.919 -26737 40
-15.8074 -9.95606 386.919 -26436 40
-14.4851 -9.87828 386.919 -26125 40
-14.4851 -10.1116 386.919 -26032 40
-14.1934 -10.4422 386.919 -25823 40
-9.7015 -7.35038 386.919 -25705 40
-16.5976 -12.9383 388.081 -25590 40
-6.00687 -4.74469 386.919 -25537 40
-10.0126 -9.3727 386.919 -24846 40
-9.4876 -9.43104 386.919 -24600 40
-22.2562 -23.1394 388.081 -24416 40
-3.44007 -4.12243 386.919 -23836 40
-8.92369 -11.395 386.919 -23579 40
-5.19016 -7.50594 386.919 -23081 40
-6.80413 -10.5978 386.919 -22790 40
-5.6763 -9.23658 386.919 -22620 40
-10.2 -18.208 388.081 -22266 40
-2.54558 -4.93914 386.919 -21956 40
-5.09293 -10.7144 386.919 -21662 40
-2.72059 -22.5373 386.919 -18148 40
-4.45389 -38.7327 388.081 -18073 40
-0.0300522 -37.9062 388.081 -16396 40
0.79903 -9.83939 386.919 -15153 40
0.972272 -7.52362 400.581 -14509 41
2.68524 -17.1314 386.919 -14163 40
1.51674 -7.75696 400.581 -13704 41
3.56028 -16.5675 386.919 -13485 40
4.61034 -17.7731 386.919 -13009 40
4.61034 -17.3064 386.919 -12937 40
8.77166 -23.9568 386.919 -11992 40
10.5412 -26.8153 386.919 -11760 40
3.30572 -8.22365 400.581 -11686 41
3.11127 -4.99571 400.581 -10096 41
8.71156 -10.1293 400.581 -8808 41
6.41699 -6.12354 400.581 -8000 41
12.2895 -11.3738 400.581 -7874 41
14.0396 -8.37922 400.581 -6123 41
15.3813 -8.20421 400.581 -5699 41
13.2423 -6.80413 400.581 -5561 41
22.44 -10.3238 399.419 -5162 41
9.10046 -3.28451 400.581 -4345 41
18.2593 -6.06521 400.581 -4085 41
23.3734 -6.04576 399.419 -3366 41
16.7036 -3.30396 400.581 -2705 41
8.40043 -1.41775 400.581 -2365 41
36.2852 -3.79009 399.419 -1549 41
32.5128 -2.66226 399.419 -1240 41
37.6464 1.14905 399.419 485 41
9.41159 0.371231 400.581 621 41
40.9132 10.7162 399.419 3400 41
18.5704 5.91318 400.581 3957 41
18.2787 6.43821 400.581 4267 41
29.2459 11.1051 400.581 4509 41
18.6871 7.62438 400.581 4747 41
19.3093 7.89661 400.581 4755 41
12.1322 5.65862 399.419 5211 41
20.9719 11.8927 400.581 5928 41
11.2571 8.05041 399.419 6831 41
13.0461 10.3839 399.419 7261 41
6.97914 5.63918 399.419 7322 41
17.8615 14.5911 400.581 7366 41
4.41235 4.47245 399.419 8247 41
11.9572 14.5841 399.419 9002 41
9.17648 12.0367 399.419 9296 41
5.48185 7.52538 399.419 9479 41
5.4624 16.2564 399.419 12263 41
0.426032 7.40871 399.419 15493 41
1.44957 26.7251 400.581 15541 41
0.134349 20.5733 399.419 16277 41
-1.07834 37.0312 400.581 16847 41
-2.74357 15.2841 399.419 18877 41
-4.64923 15.7897 399.419 20110 41
-11.4551 31.9294 399.419 20709 41
-6.00864 12.3655 388.081 21741 40
-4.33633 8.63201 388.081 21862 40
-6.02809 11.1794 388.081 22123 40
-10.9884 20.2621 399.419 22145 41
-4.04465 6.91433 388.081 22430 40
-9.10046 11.8405 388.081 23504 40
-12.8729 16.1574 386.919 23649 40
-5.79474 6.82358 388.081 23908 40
-14.5841 13.435 386.919 24911 40
-20.2038 15.9435 386.919 25541 40
-26.5236 19.3076 386.919 25865 40
-9.17825 5.15127 388.081 26878 40
-18.8621 9.00147 386.919 27475 40
-5.28916 2.35113 388.081 27726 40
-20.3594 8.51533 386.919 27936 40
-5.83363 2.27335 388.081 28173 40
-25.493 9.44871 386.919 28337 40
-32.3313 11.0627 386.919 28591 40
-10.5783 2.81782 388.081 29321 40
-11.2589 0.698269 388.081 31811 40
-8.98379 0.367695 388.081 32123 40

129 487.5 500
-29.6348 -0.137887 486.919 -32692 42
-10.6172 -0.0989952 488.081 -32616 42
-7.54483 -0.215668 488.081 -32312 42
-47.8941 -4.31866 486.919 -31412 42
-24.7346 -2.31577 488.081 -31365 42
-14.0396 -2.1991 488.081 -30549 42
-14.0007 -2.31577 488.081 -30442 42
-6.70691 -1.47785 486.919 -29809 42
-17.9481 -4.1242 488.081 -29706 42
-16.5675 -5.42704 488.081 -28725 42
-10.4015 -4.16132 486.919 -28086 42
-33.66 -16.3748 488.081 -27406 42
-6.16244 -3.34462 486.919 -27004 42
-16.313 -9.13936 486.919 -26884 42
-20.1455 -11.494 488.081 -26816 42
-9.40982 -5.46417 486.919 -26749 42
-10.1099 -5.89197 486.919 -26735 42
-15.1657 -8.84767 486.919 -26731 42
-20.2719 -12.7871 488.081 -26430 42
-18.406 -13.3466 488.081 -25881 42
-18.6588 -13.755 488.081 -25815 42
-12.735 -9.68383 486.919 -25690 42
-7.75696 -6.02808 486.919 -25603 42
-21.8478 -17.0607 488.081 -25583 42
-4.72347 -3.92797 486.919 -25329 42
-15.2364 -13.1327 488.081 -25183 42
-11.9183 -10.8117 486.919 -24974 42
-11.9961 -11.2395 486.919 -24842 42
-11.4516 -11.5117 486.919 -24554 42
-10.2849 -10.7339 486.919 -24400 42
-4.41234 -5.25027 486.919 -23865 42
-11.6266 -14.8758 486.919 -23571 42
-6.82358 -9.91717 486.919 -23062 42
-8.80702 -13.6896 486.919 -22798 42
-7.3875 -12.1534 486.919 -22578 42
-12.2612 -21.9804 488.081 -22250 42
-3.14839 -6.28087 486.919 -21854 42
-2.49373 -5.01692 486.919 -21823 42
-6.97914 -14.273 486.919 -21764 42
-7.34861 -16.3147 486.919 -21472 42
-6.55134 -17.812 486.919 -20789 42
-1.80666 -5.98919 486.919 -20180 42
-4.92279 -17.5738 486.919 -19969 42
-1.3983 -7.17537 486.919 -19056 42
-3.70524 -29.3697 488.081 -18219 42
1.03238 -12.9507 486.919 -15174 42
1.20739 -9.31436 486.919 -14503 42
3.50195 -22.2261 486.919 -14153 42
1.79075 -9.39215 486.919 -13760 42
4.57145 -21.6233 486.919 -13524 42
5.67984 -23.4317 486.919 -13187 42
6.16597 -22.2067 486.919 -12823 42
13.9636 -35.0601 486.919 -11717 42
4.31689 -10.7127 500.581 -11678 43
4.02521 -6.45412 500.581 -10090 43
11.2978 -13.2211 500.581 -8834 43
16.5675 -16.5852 499.419 -8196 43
8.16708 -7.79585 500.581 -8001 43
15.7508 -14.6018 499.419 -7881 43
17.9287 -10.7127 499.419 -6128 43
19.0954 -10.1682 499.419 -5692 43
17.2481 -8.63201 500.581 -5464 43
28.5459 -13.1628 499.419 -5170 43
11.8228 -4.26975 500.581 -4347 43
22.6345 -7.40694 499.419 -4039 43
30.4516 -7.83474 499.419 -3352 43
6.1642 -1.43719 500.581 -3097 43
7.6615 -1.53442 500.581 -2733 43
10.9283 -1.84555 500.581 -2367 43
41.8855 -3.3234 499.419 -1204 43
7.40871 -0.309359 500.581 -656 43
21.1761 -0.542704 500.581 -409 43
45.1523 1.3435 499.419 473 43
11.7256 0.429567 500.581 579 43
23.9568 7.60493 500.581 3947 43
23.4512 8.65499 500.581 4416 43
38.1519 14.5664 500.581 4526 43
23.5095 9.45225 500.581 4698 43
23.1012 9.39391 500.581 4736 43
6.59023 2.68347 499.419 4740 43
21.8567 9.70504 500.581 5037 43
15.673 7.3327 500.581 5222 43
26.543 15.0525 500.581 5929 43
13.9017 10.2283 499.419 6944 43
15.6642 12.5494 500.581 7287 43
9.11814 7.31148 499.419 7291 43
22.9951 18.7136 500.581 7351 43
5.48185 5.58084 499.419 8265 43
15.5281 19.1025 500.581 9037 43
3.36229 4.278 499.419 9173 43
11.5294 15.2452 499.419 9328 43
6.5319 9.04213 499.419 9512 43
7.62084 12.2701 499.419 10106 43
2.58448 4.82247 499.419 10667 43
1.96222 5.28916 499.419 11950 43
7.07902 21.2123 500.581 12284 43
0.542704 9.50882 499.419 15499 43
1.87737 34.7755 500.581 15544 43
0.173241 26.8347 499.419 16278 43
0.16617 26.9196 500.581 16283 43
-0.565685 25.1235 499.419 16744 43
-1.4478 47.5901 500.581 16867 43
-3.67696 19.951 499.419 18933 43
-1.43896 6.20133 488.081 19469 42
-1.65286 5.63741 488.081 20098 42
-5.97152 20.301 499.419 20107 43
-7.99384 16.4119 499.419 21750 43
-5.69751 11.3544 488.081 21858 42
-7.81707 14.524 488.081 22116 42
-14.1775 26.018 499.419 22162 43
-5.25027 9.00147 488.081 22419 42
-11.9201 15.5157 486.919 23502 42
-16.937 21.2326 486.919 23654 42
-14.1563 17.363 486.919 23742 42
-7.42816 8.92369 488.081 23826 42
-14.6619 16.3907 486.919 24119 42
-18.9399 17.4278 486.919 24916 42
-11.8228 6.62913 488.081 26881 42
-24.4721 11.753 486.919 27452 42
-13.3007 6.24022 488.081 27535 42
-6.57256 2.93449 488.081 27710 42
-26.3486 11.0044 486.919 27941 42
-7.6615 2.93449 488.081 28230 42
-33.1934 12.2877 486.919 28341 42
-13.6507 3.55675 488.081 29381 42
-5.9503 1.45664 488.081 29545 42
-14.9535 1.47609 488.081 31296 42
-11.6284 0.445477 488.081 32163 42
-14.0396 0.212132 488.081 32524 42

121 587.5 600
-12.6687 -0.0503807 588.081 -32703 44
-36.1296 -0.176777 586.919 -32688 44
-47.1163 -0.507349 586.919 -32593 44
-9.29492 -0.254559 588.081 -32331 44
-15.9258 -1.1296 588.081 -31682 44
-30.2668 -2.79219 586.919 -31384 44
-17.3064 -2.66579 588.081 -30581 44
-17.112 -2.93803 588.081 -30367 44
-8.14587 -1.82787 586.919 -29765 44
-22.2456 -5.11592 588.081 -29704 44
-20.3399 -6.63266 588.081 -28739 44
-12.9118 -5.1937 588.081 -28068 44
-29.2459 -14.7609 588.081 -27272 44
-7.36805 -4.00576 586.919 -26997 44
-24.8902 -14.2682 588.081 -26798 44
-20.0288 -11.6107 588.081 -26755 44
-12.5405 -7.31149 586.919 -26733 44
-18.8232 -11.0273 588.081 -26715 44
-11.4127 -6.72812 586.919 -26691 44
-24.6957 -15.5776 588.081 -26430 44
-23.0623 -15.7331 588.081 -26123 44
-21.9256 -16.1662 588.081 -25814 44
-15.7809 -12.0049 588.081 -25689 44
-9.42927 -7.31149 586.919 -25612 44
-5.77353 -4.82247 586.919 -25311 44
-14.0184 -13.0673 586.919 -24863 44
-14.0502 -13.1133 588.081 -24858 44
-13.5252 -13.755 588.081 -24506 44
-14.9058 -16.6135 588.081 -24132 44
-5.38462 -6.45588 586.919 -23834 44
-14.3613 -18.4025 588.081 -23565 44
-8.49589 -12.2895 586.919 -23080 44
-10.8806 -16.8663 588.081 -22808 44
-10.2849 -16.0749 586.919 -22776 44
-9.11814 -15.0897 586.919 -22555 44
-14.4002 -25.7528 588.081 -22259 44
-8.96258 -17.8898 586.919 -21852 44
-3.01228 -6.02808 586.919 -21843 44
-3.73175 -7.60317 586.919 -21778 44
-2.17612 -7.17537 586.919 -20196 44
-6.07758 -24.1194 588.081 -19681 44
-1.70943 -8.88656 586.919 -19027 44
-4.67751 -36.1756 588.081 -18259 44
1.26572 -16.0619 586.919 -15187 44
0.738927 -7.52362 600.581 -14918 45
1.50879 -11.4047 586.919 -14469 44
4.27976 -27.2819 586.919 -14162 44
3.36583 -19.6399 586.919 -13986 44
2.16021 -11.3302 586.919 -13760 44
5.95207 -30.3932 586.919 -13700 44
5.58261 -26.7569 586.919 -13555 44
7.64383 -26.8736 586.919 -12755 44
5.15481 -12.8729 586.919 -11699 44
4.90025 -7.95142 600.581 -10136 45
11.6673 -13.7591 600.581 -8865 45
13.9229 -16.2741 599.419 -8829 45
13.3396 -12.735 600.581 -8002 45
9.95606 -9.39038 600.581 -7952 45
19.2315 -17.8491 599.419 -7886 45
21.8956 -12.9683 599.419 -6094 45
22.8095 -12.1711 599.419 -5700 45
21.2344 -10.5182 599.419 -5427 45
14.5452 -5.22905 600.581 -4332 45
27.0292 -8.76812 599.419 -4013 45
7.50594 -1.76777 600.581 -3123 45
9.35326 -1.86499 600.581 -2723 45
13.4368 -2.29279 600.581 -2388 45
8.84767 -0.348249 600.581 -620 45
12.0873 0.355675 600.581 468 45
14.0591 0.54624 600.581 612 45
29.3432 9.33558 600.581 3954 45
28.7404 10.8329 600.581 4484 45
28.2931 11.2801 600.581 4670 45
8.10698 3.26683 599.419 4705 45
26.8347 10.9495 600.581 4747 45
19.1538 8.94667 600.581 5216 45
24.4235 11.8829 600.581 5362 45
31.8711 18.1249 600.581 5939 45
16.4031 12.3938 600.581 7051 45
11.2571 8.98379 599.419 7271 45
18.2115 14.7078 600.581 7320 45
6.5319 6.66978 599.419 8277 45
19.0282 23.4583 600.581 9046 45
4.10122 5.17249 599.419 9138 45
13.8687 18.4025 600.581 9342 45
7.6014 10.5394 599.419 9518 45
3.16784 5.95031 599.419 10691 45
2.40947 6.43644 599.419 11921 45
8.64438 26.064 600.581 12303 45
0.678823 11.6284 599.419 15480 45
2.28572 42.8065 600.581 15553 45
0.146725 33.1615 600.581 16311 45
-4.62978 24.6374 599.419 18975 45
-1.78898 7.71807 588.081 19467 44
-1.98343 6.7458 588.081 20106 44
-7.29381 24.8124 599.419 20106 45
-9.78282 20.0677 599.419 21753 45
-7.03925 14.0573 588.081 21850 44
-9.80227 18.1815 599.419 22123 45
-17.3471 31.7933 599.419 22167 45
-6.43644 11.0432 588.081 22416 44
-13.5146 18.0047 586.919 23408 44
-14.7785 19.2298 586.919 23503 44
-16.9175 21.6021 586.919 23579 44
-9.13935 11.0238 588.081 23810 44
-18.7065 21.291 586.919 24046 44
-17.4814 18.977 586.919 24239 44
-18.8037 18.977 586.919 24538 44
-17.7731 17.4797 586.919 24644 44
-23.3345 21.4077 586.919 24928 44
-21.7206 17.8103 586.919 25386 44
-14.4285 8.06809 588.081 26892 44
-30.0821 14.4656 586.919 27447 44
-7.89485 3.55675 588.081 27679 44
-32.3572 13.4739 586.919 27951 44
-9.48937 3.67342 588.081 28195 44
-16.762 4.33456 588.081 29401 44
-7.36982 1.8261 588.081 29514 44
-18.8621 2.93449 588.081 30562 44
-26.0569 2.19557 586.919 31494 44
-14.2924 0.542704 588.081 32168 44

118 637.5 650
-13.7674 -0.0601044 638.081 -32696 46
-39.3965 -0.176777 636.919 -32694 46
-10.2283 -0.254559 638.081 -32370 46
-33.0961 -3.0547 636.919 -31383 46
-16.8786 -1.7713 638.081 -31211 46
-18.9399 -2.89914 638.081 -30593 46
-18.6287 -3.21026 638.081 -30359 46
-7.55084 -1.4973 636.919 -30056 46
-8.92369 -1.98344 636.919 -29788 46
-24.3846 -5.6215 638.081 -29698 46
-22.2067 -7.25492 638.081 -28733 46
-14.1952 -5.69928 638.081 -28074 46
-35.624 -14.5016 638.081 -28028 46
-7.89308 -4.49189 636.919 -26825 46
-27.2625 -15.6553 638.081 -26791 46
-13.785 -8.01152 636.919 -26745 46
-20.6316 -12.0968 638.081 -26712 46
-21.7011 -12.7385 638.081 -26707 46
-12.4239 -7.35038 636.919 -26677 46
-26.9125 -17.0165 638.081 -26421 46
-25.1818 -17.2304 638.081 -26111 46
-17.2976 -13.1716 638.081 -25685 46
-10.2654 -7.9143 636.919 -25635 46
-6.27911 -5.25027 636.919 -25307 46
-15.0225 -14.0856 638.081 -24839 46
-15.0614 -14.9023 638.081 -24619 46
-5.85131 -7.00035 636.919 -23843 46
-15.7225 -20.1525 638.081 -23564 46
-11.7945 -15.9134 638.081 -23358 46
-9.3126 -13.4692 636.919 -23081 46
-11.9112 -18.4413 638.081 -22813 46
-10.8612 -17.3135 638.081 -22699 46
-9.97374 -16.5675 636.919 -22540 46
-15.4892 -27.6196 638.081 -22270 46
-9.98612 -19.6664 638.081 -21901 46
-3.24562 -6.57256 636.919 -21800 46
-4.02344 -8.28376 636.919 -21740 46
-2.35113 -7.77817 636.919 -20186 46
-5.80535 -27.2696 638.081 -19259 46
-1.88444 -9.72272 636.919 -19043 46
-5.25115 -39.5299 638.081 -18305 46
0.505581 -7.13471 650.581 -15299 47
1.3435 -17.6176 636.919 -15223 46
1.57685 -12.4062 636.919 -14536 46
4.68812 -29.8293 636.919 -14158 46
3.65751 -21.6428 636.919 -14015 46
2.33522 -12.2701 636.919 -13764 46
6.51599 -33.2906 636.919 -13702 46
6.12708 -29.3237 636.919 -13552 46
8.38275 -29.3237 636.919 -12741 46
5.6215 -14.1174 636.919 -11717 46
5.36694 -8.70331 650.581 -10134 47
15.2258 -17.8103 649.419 -8832 47
12.9118 -15.0296 649.419 -8812 47
12.8729 -14.9129 649.419 -8793 47
10.87 -10.1876 650.581 -7926 47
21.0205 -19.4826 649.419 -7880 47
27.9107 -18.8538 649.419 -6605 47
23.8596 -14.0767 649.419 -6079 47
24.6957 -13.1239 649.419 -5685 47
23.2567 -11.4516 649.419 -5405 47
21.458 -8.73896 649.419 -4741 47
15.9064 -5.73464 650.581 -4341 47
29.2848 -9.46816 649.419 -4002 47
8.20597 -1.92333 650.581 -3110 47
10.1894 -2.04 650.581 -2733 47
14.6813 -2.48725 650.581 -2373 47
9.5866 -0.387142 650.581 -635 47
15.2063 0.565685 650.581 587 47
6.12354 1.12783 649.419 2548 47
32.0072 10.2106 650.581 3962 47
30.9571 11.8829 650.581 4544 47
30.8016 12.1163 650.581 4625 47
8.8848 3.57796 649.419 4703 47
28.7598 11.7079 650.581 4740 47
20.9038 9.76338 650.581 5216 47
24.7735 12.6219 650.581 5530 47
17.5893 13.4633 650.581 7103 47
12.3461 9.83939 649.419 7266 47
19.4949 15.8357 650.581 7343 47
7.05693 7.19481 649.419 8271 47
20.7394 25.6362 650.581 9056 47
4.45124 5.63918 649.419 9156 47
14.9447 19.8414 650.581 9345 47
8.12642 11.2978 649.419 9529 47
3.47897 6.49477 649.419 10669 47
2.64281 6.98091 649.419 11884 47
9.44164 28.5335 650.581 12310 47
0.717714 12.6784 649.419 15506 47
0.127279 36.2923 650.581 16326 47
-5.09647 26.9708 649.419 18987 47
-1.94454 8.41811 638.081 19458 46
-1.43896 5.96798 638.081 19566 46
-7.95495 27.1069 649.419 20101 47
-2.17789 7.32916 638.081 20137 46
-10.6968 21.8761 649.419 21764 47
-7.85772 15.7314 649.419 21841 47
-10.7162 19.8343 649.419 22131 47
-14.4303 25.6485 649.419 22283 47
-7.02628 12.0738 638.081 22411 46
-16.2175 21.0576 636.919 23512 46
-18.5121 23.6633 636.919 23575 46
-20.1066 24.5578 636.919 23759 46
-9.95606 12.1516 638.081 23762 46
-3.30572 4.02344 638.081 23773 46
-18.4343 19.0742 636.919 24436 46
-19.1732 18.4908 636.919 24724 46
-21.7206 20.1048 636.919 24892 46
-24.6763 21.3882 636.919 25160 46
-15.7119 8.80701 638.081 26882 46
-8.55599 3.82898 638.081 27702 46
-10.4228 3.98455 638.081 28236 46
-18.2982 4.74292 638.081 29395 46
-8.06986 1.98167 638.081 29537 46
-16.6404 3.98941 638.081 29599 46
-20.8066 3.63453 638.081 30331 46
-7.56427 0.60104 638.081 31561 46
-15.5952 0.60104 638.081 32159 46

129 687.5 700
-14.8174 -0.0212135 688.081 -32744 48
-42.6438 -0.157331 686.919 -32707 48
-11.1228 -0.293449 688.081 -32346 48
-35.9352 -3.32694 686.919 -31379 48
-17.8509 -2.43245 688.081 -30803 48
-20.5927 -3.15193 688.081 -30593 48
-20.1844 -3.52139 688.081 -30334 48
-9.64494 -2.16021 688.081 -29769 48
-26.543 -6.10764 688.081 -29703 48
-24.0929 -7.89661 688.081 -28723 48
-13.4562 -4.85665 688.081 -28422 48
-15.4008 -6.20486 688.081 -28062 48
-29.6154 -17.0749 688.081 -26776 48
-14.9712 -8.731 686.919 -26732 48
-22.4206 -13.1469 688.081 -26711 48
-8.37922 -4.93914 686.919 -26691 48
-13.435 -7.97263 686.919 -26666 48
-23.4123 -13.983 688.081 -26641 48
-29.1098 -18.3972 688.081 -26423 48
-27.3014 -18.7277 688.081 -26101 48
-18.8143 -14.3384 688.081 -25682 48
-11.1016 -8.5171 686.919 -25655 48
-7.99031 -6.15772 686.919 -25637 48
-7.1736 -5.75585 686.919 -25474 48
-16.0142 -15.0384 688.081 -24833 48
-16.5976 -16.0496 688.081 -24713 48
-3.63453 -3.77241 686.919 -24423 48
-6.35689 -7.58372 686.919 -23855 48
-13.2335 -15.7968 688.081 -23852 48
-17.1226 -21.5137 688.081 -23644 48
-17.0643 -21.8443 688.081 -23569 48
-10.1488 -14.6424 686.919 -23091 48
-4.52902 -6.53366 686.919 -23091 48
-3.12895 -4.58912 686.919 -23026 48
-12.9029 -20.0164 688.081 -22805 48
-10.8612 -18.0913 688.081 -22530 48
-10.5306 -18.1497 688.081 -22399 48
-16.5392 -29.4475 688.081 -22276 48
-11.0556 -21.3971 688.081 -21965 48
-2.52614 -4.99748 686.919 -21885 48
-3.47896 -7.03925 686.919 -21803 48
-4.35401 -8.92546 686.919 -21755 48
-2.54558 -8.36154 686.919 -20207 48
-1.41775 -5.87252 686.919 -19570 48
-2.04 -10.5783 686.919 -19032 48
-5.53311 -30.3808 688.081 -18908 48
0.544473 -7.71807 700.581 -15304 49
1.47962 -19.1538 686.919 -15209 48
0.837922 -8.55599 686.919 -14922 48
1.73241 -13.4174 686.919 -14510 48
5.04521 -37.7312 688.081 -14451 48
5.10354 -32.4226 688.081 -14155 48
3.9103 -23.6845 686.919 -14062 48
2.49726 -13.2229 686.919 -13781 48
6.59377 -31.8905 686.919 -13576 48
9.18001 -31.7933 686.919 -12713 48
6.08819 -15.3619 686.919 -11733 48
5.81419 -9.44872 700.581 -10142 49
16.5286 -19.3464 699.419 -8835 49
14.3507 -16.5463 699.419 -8774 49
14.0007 -16.0407 699.419 -8748 49
11.7645 -11.0043 700.581 -7918 49
22.8095 -21.0771 699.419 -7868 49
25.8235 -15.2629 699.419 -6086 49
26.5625 -14.1351 699.419 -5690 49
29.3515 -14.7462 699.419 -5478 49
25.2693 -12.3558 699.419 -5380 49
17.3064 -6.20133 700.581 -4322 49
31.4627 -10.1682 699.419 -4001 49
8.88656 -2.09834 700.581 -3129 49
11.045 -2.19557 700.581 -2716 49
29.8293 -5.3198 699.419 -2479 49
15.9258 -2.72059 700.581 -2390 49
10.2866 -0.426033 700.581 -651 49
16.3731 0.643467 700.581 619 49
31.6896 2.05002 699.419 995 49
6.62913 1.16673 699.419 2452 49
37.4325 8.71332 699.419 3093 49
34.6907 11.0533 700.581 3958 49
33.2128 12.8941 700.581 4581 49
33.3684 12.9719 700.581 4586 49
9.62372 3.85019 699.419 4681 49
30.6071 12.4663 700.581 4741 49
22.6539 10.5801 700.581 5215 49
24.8513 13.5552 700.581 5782 49
18.7949 14.5911 700.581 7160 49
13.3572 10.695 699.419 7285 49
20.7783 16.8857 700.581 7345 49
18.406 16.769 700.581 7810 49
7.56251 7.77818 699.419 8307 49
4.80125 6.10587 699.419 9171 49
11.8334 15.1745 700.581 9205 49
16.0142 21.2998 700.581 9352 49
11.2571 15.1026 699.419 9387 49
8.6709 12.0367 699.419 9523 49
3.7512 7.07814 699.419 10708 49
2.85671 7.55779 699.419 11889 49
10.2 30.9642 700.581 12324 49
0.824663 13.7382 699.419 15456 49
0.101355 39.4035 700.581 16341 49
-5.60205 29.2654 699.419 19016 49
-2.139 9.15703 688.081 19486 48
-1.55564 6.47356 688.081 19558 48
-2.31401 7.89308 688.081 20098 48
-8.6161 29.3237 699.419 20104 49
-5.01869 16.7036 699.419 20169 49
-15.3831 31.6572 699.419 21741 49
-11.6107 23.6845 699.419 21773 49
-8.53831 17.0342 699.419 21854 49
-11.5815 21.4775 699.419 22123 49
-7.64206 13.1045 688.081 22419 48
-8.03096 12.6378 688.081 22750 48
-17.6176 22.9244 686.919 23503 48
-20.3399 25.7245 686.919 23618 48
-10.8117 13.2406 688.081 23748 48
-3.53907 4.33456 688.081 23748 48
-20.1455 19.0742 686.919 24799 48
-7.17537 6.76524 688.081 24817 48
-18.5121 17.1297 686.919 24893 48
-24.6568 21.0187 686.919 25228 48
-24.5401 20.202 686.919 25370 48
-17.0148 9.48761 688.081 26902 48
-9.19769 4.12066 688.081 27698 48
-11.3561 4.37346 688.081 28212 48
-19.8149 5.13183 688.081 29397 48
-8.76989 2.17612 688.081 29510 48
-22.7512 4.33456 686.919 30146 48
-17.1898 1.10662 688.081 31777 48
-16.9175 0.678822 688.081 32135 48

130 737.5 750
-45.8912 -0.176777 736.919 -32705 50
-12.0173 -0.33234 738.081 -32327 50
-38.7159 -3.57973 736.919 -31381 50
-22.2845 -3.44361 738.081 -30575 50
-18.8037 -3.11304 738.081 -30440 50
-21.7206 -3.85196 738.081 -30300 50
-21.2344 -4.41588 738.081 -29947 50
-10.413 -2.30605 738.081 -29797 50
-28.7015 -6.59377 738.081 -29707 50
-25.9402 -8.49942 738.081 -28724 50
-16.6647 -6.691 738.081 -28074 50
-32.0072 -18.4555 738.081 -26775 50
-16.1963 -9.41159 736.919 -26746 50
-24.1901 -14.2164 738.081 -26703 50
-14.4592 -8.63377 736.919 -26642 50
-8.90424 -5.34749 736.919 -26620 50
-25.0068 -15.1887 738.081 -26576 50
-31.3266 -19.7972 738.081 -26423 50
-29.4404 -20.1667 738.081 -26107 50
-9.85707 -7.11703 736.919 -25898 50
-29.4404 -22.0334 738.081 -25754 50
-20.3116 -15.4856 738.081 -25680 50
-11.9572 -9.13935 736.919 -25670 50
-19.6116 -15.4856 738.081 -25539 50
-17.0059 -15.9912 738.081 -24827 50
-18.1921 -17.2552 738.081 -24792 50
-3.94566 -4.08354 736.919 -24435 50
-14.7114 -15.6412 738.081 -24325 50
-6.80413 -8.18653 736.919 -23820 50
-18.4254 -23.5166 738.081 -23581 50
-13.2141 -17.4496 738.081 -23444 50
-8.50885 -11.4728 736.919 -23360 50
-10.946 -15.8286 736.919 -23082 50
-3.38174 -4.9197 736.919 -23058 50
-13.8946 -21.5915 738.081 -22799 50
-11.7557 -19.5303 738.081 -22540 50
-11.7751 -19.9386 738.081 -22467 50
-13.5576 -23.2249 738.081 -22422 50
-12.0473 -23.0888 738.081 -22001 50
-2.72059 -5.42528 736.919 -21855 50
-3.73175 -7.56427 736.919 -21796 50
-4.64569 -9.60604 736.919 -21724 50
-2.54558 -7.97263 736.919 -20349 50
-2.70115 -8.98379 736.919 -20171 50
-2.19557 -11.4339 736.919 -19023 50
-5.28032 -33.5116 738.081 -18614 50
0.565686 -8.12819 736.919 -15317 50
1.57685 -20.7288 736.919 -15225 50
3.70347 -41.1731 738.081 -15031 50
0.915703 -9.17825 736.919 -14897 50
1.84908 -14.4674 736.919 -14527 50
5.5119 -34.9311 738.081 -14151 50
4.16309 -25.6874 736.919 -14099 50
2.66579 -14.1952 736.919 -13793 50
7.14532 -34.5422 738.081 -13575 50
2.75654 -11.5117 736.919 -13218 50
10.0745 -34.1267 736.919 -12649 50
6.63266 -16.6064 736.919 -11707 50
13.983 -24.8513 736.919 -10484 50
6.27439 -10.2071 750.581 -10146 51
14.7008 -17.5964 749.419 -8926 51
17.8509 -20.9021 749.419 -8836 51
16.1203 -17.9269 749.419 -8626 51
12.6655 -11.8016 750.581 -7902 51
27.807 -16.3907 749.419 -6076 51
28.4292 -15.1462 749.419 -5694 51
27.2625 -13.2795 749.419 -5366 51
18.6287 -6.66802 750.581 -4318 51
33.6795 -10.9071 749.419 -4007 51
9.54771 -2.2539 750.581 -3129 51
11.9006 -2.35113 750.581 -2702 51
17.1703 -2.95394 750.581 -2404 51
15.5855 -2.04972 750.581 -1904 51
11.7256 -1.3983 750.581 -1745 51
36.2269 -3.69286 749.419 -1515 51
11.0061 -0.445478 750.581 -637 51
9.17825 0.0341778 750.581 60 51
17.5398 0.721249 750.581 647 51
46.682 5.77706 749.419 1804 51
7.13471 1.2834 749.419 2497 51
39.2409 11.8959 749.419 3811 51
37.2963 11.9218 750.581 3968 51
35.8963 13.8664 750.581 4565 51
35.6046 14.0414 750.581 4633 51
10.3821 4.14188 749.419 4672 51
32.5128 13.2052 750.581 4732 51
24.404 11.3968 750.581 5215 51
24.1707 14.3136 750.581 6093 51
20.02 15.6995 750.581 7201 51
14.4462 11.5506 749.419 7279 51
22.0617 18.0135 750.581 7364 51
8.04864 8.3032 749.419 8319 51
5.19016 6.57256 749.419 9154 51
17.0837 22.7582 750.581 9358 51
9.19592 12.7562 749.419 9520 51
3.94566 5.76881 749.419 9729 51
4.06233 7.62261 749.419 10688 51
3.09006 8.12819 749.419 11871 51
10.9778 33.4532 750.581 12335 51
1.78721 5.7364 749.419 12492 51
0.834385 14.8174 749.419 15510 51
0.0689449 42.4953 750.581 16357 51
-4.37699 29.8293 749.419 18480 51
-6.0493 31.5794 749.419 19017 51
-2.35466 10.0727 749.419 19488 51
-1.65286 6.9597 738.081 19528 50
-2.45013 8.457 738.081 20064 50
-9.27724 31.6183 749.419 20100 51
-12.5052 25.5124 749.419 21773 51
-9.19946 18.3954 749.419 21846 51
-12.5052 23.179 749.419 22125 51
-8.22542 14.1545 738.081 22405 50
-8.41987 13.26 738.081 22747 50
-19.0565 24.7523 736.919 23510 50
-11.6673 14.3295 738.081 23737 50
-3.81131 4.65866 738.081 23756 50
-19.9705 18.7436 736.919 24835 50
-21.0789 19.5409 736.919 24886 50
-17.987 15.9046 736.919 25079 50
-18.2593 10.1876 736.919 26900 50
-9.87828 4.45124 738.081 27678 50
-12.2506 4.72347 738.081 28208 50
-11.6673 3.20673 738.081 29235 50
-11.4339 3.05117 738.081 29316 50
-21.3316 5.52074 738.081 29399 50
-9.48937 2.35113 738.081 29514 50
-24.6957 5.0346 736.919 29993 50
-27.6125 2.27335 736.919 31521 50
-18.2593 0.73716 738.081 32132 50
-15.848 0.0371227 738.081 32729 50

