46 -287.5 -275
-15.673 -2.51023 -286.919 -30506 0
-8.61256 -1.75009 -288.081 -30000 0
-21.3122 -8.6161 -286.919 -28051 0
-16.3518 -10.5005 -288.081 -26361 0
-15.6836 -19.8025 -286.919 -23625 0
-10.0515 -13.1451 -288.081 -23483 0
-9.93485 -15.9064 -288.081 -22682 0
-11.7556 -22.5638 -286.919 -21996 0
-7.88601 -23.6722 -286.919 -20478 0
-2.64281 -15.0313 -288.081 -18833 0
-1.01588 -18.3954 -288.081 -17241 0
1.99875 -34.6588 -286.919 -15490 0
1.80842 -5.87075 -274.419 -12525 1
2.11955 -6.80414 -274.419 -12492 1
7.68272 -21.6233 -288.081 -12088 0
3.36406 -9.29315 -274.419 -12029 1
5.4076 -13.5924 -288.081 -11720 0
4.04465 -9.81818 -274.419 -11603 1
13.4757 -18.627 -275.581 -9506 1
4.80302 -6.33744 -274.419 -9320 1
14.2729 -17.5886 -275.581 -9044 1
11.1228 -11.3738 -274.419 -8283 1
14.5452 -14.2128 -275.581 -8097 1
10.8506 -10.0126 -274.419 -7862 1
21.9345 -16.1185 -275.581 -6939 1
29.8837 -15.8152 -275.581 -5670 1
12.4451 -4.99571 -274.419 -4693 1
7.32445 -2.4678 -274.419 -4129 1
10.1116 -2.97338 -274.419 -3723 1
10.7533 -2.52614 -274.419 -3116 1
34.2006 -0.289914 -275.581 -137 1
19.9121 4.13068 -274.419 2814 1
19.0436 5.15481 -274.419 3490 1
5.69574 4.43356 -275.581 7171 1
8.64367 17.4776 -275.581 10962 1
3.69287 7.64206 -275.581 11046 1
1.33997 7.07814 -275.581 13776 1
-6.67155 20.4566 -275.581 20413 1
-5.63918 12.1127 -286.919 21588 0
-6.94379 14.5063 -275.581 21687 1
-6.92258 13.085 -286.919 22052 0
-16.3943 28.9348 -275.581 22309 1
-13.1451 14.7962 -288.081 24091 0
-26.2513 14.0573 -288.081 27054 0
-12.5812 6.72635 -286.919 27060 0
-40.1548 6.18188 -288.081 30582 0

46 -262.5 -250
-14.1174 -2.27688 -261.919 -30492 2
-7.85419 -1.57508 -263.081 -30031 2
-19.6788 -7.7605 -261.919 -28134 2
-14.8157 -9.54771 -263.081 -26347 2
-14.1669 -17.8969 -261.919 -23623 2
-8.43755 -12.0367 -263.081 -23135 2
-9.0598 -14.4868 -263.081 -22687 2
-10.6278 -20.4248 -261.919 -21991 2
-7.11791 -21.4457 -261.919 -20466 2
-3.77065 -13.2423 -263.081 -20015 2
1.81726 -31.3142 -261.919 -15485 2
6.94379 -19.5621 -263.081 -12091 2
3.03349 -8.05512 -249.419 -11901 3
4.90202 -12.309 -263.081 -11717 2
4.64746 -11.5877 -249.419 -11693 3
3.6363 -8.82646 -249.419 -11603 3
20.1861 -29.1487 -263.081 -9680 2
12.2117 -16.8963 -250.581 -9510 3
10.1116 -10.2849 -249.419 -8261 3
12.9896 -12.6961 -249.419 -8098 3
9.83939 -9.07925 -249.419 -7862 3
20.1844 -14.7573 -250.581 -6919 3
24.7929 -17.4213 -250.581 -6761 3
29.4015 -15.6518 -250.581 -5691 3
11.1617 -4.49013 -249.419 -4700 3
6.57256 -2.23446 -249.419 -4156 3
18.0648 -6.00039 -249.419 -4085 3
9.13935 -2.70115 -249.419 -3737 3
9.74216 -2.29279 -249.419 -3121 3
32.4155 0.779585 -250.581 384 3
17.8898 3.71585 -249.419 2817 3
5.11238 4.00576 -250.581 7197 3
7.83474 15.9064 -250.581 10977 3
3.40118 7.03925 -250.581 11046 3
1.22329 6.41699 -250.581 13760 3
-6.06874 18.5315 -250.581 20425 3
-13.458 35.799 -250.581 20860 3
-5.19193 11.1988 -261.919 21573 2
-6.53367 13.7073 -261.919 21672 2
-6.24199 11.8211 -261.919 22045 2
-15.0525 26.5041 -250.581 22318 3
-11.8228 13.3184 -261.919 24088 2
-24.3457 22.1077 -263.081 24970 2
-11.3561 6.16244 -261.919 27004 2
-23.7623 12.735 -263.081 27051 2
-30.821 3.22618 -263.081 31215 2

51 -237.5 -225
-12.5812 -2.06298 -236.919 -30459 4
-7.09582 -1.40007 -238.081 -30068 4
-18.0065 -6.866 -236.919 -28245 4
-31.2099 -18.5138 -236.919 -26667 4
-13.2406 -8.55599 -238.081 -26336 4
-12.6501 -15.9912 -236.919 -23620 4
-8.20421 -13.0868 -238.081 -22697 4
-6.84303 -10.9478 -238.081 -22685 4
-9.49998 -18.2858 -236.919 -21985 4
-4.91793 -11.4339 -238.081 -21311 4
-6.4055 -19.319 -238.081 -20463 4
1.57685 -28.1181 -238.081 -15513 4
6.20486 -17.5787 -238.081 -12109 4
2.68347 -7.13471 -224.419 -11905 5
4.14188 -10.3043 -224.419 -11686 5
3.24739 -7.85419 -224.419 -11591 5
18.086 -25.9597 -238.081 -9656 4
10.9089 -15.0879 -224.419 -9508 5
9.06157 -9.23481 -224.419 -8269 5
11.5117 -11.296 -224.419 -8114 5
8.82823 -8.14587 -224.419 -7862 5
18.4148 -13.4545 -225.581 -6916 5
18.5432 -13.2406 -225.581 -6825 5
22.0122 -15.4444 -225.581 -6755 5
29.2265 -16.6435 -225.581 -5944 5
26.8153 -14.2712 -225.581 -5690 5
9.87828 -3.98455 -224.419 -4709 5
5.83363 -1.96222 -224.419 -4123 5
8.20597 -2.39002 -224.419 -3695 5
8.731 -2.05945 -224.419 -3127 5
15.8286 3.28805 -224.419 2818 5
20.865 9.60781 -224.419 5165 5
25.6591 19.9386 -224.419 7164 5
4.52902 3.57796 -225.581 7230 5
7.03748 14.2924 -225.581 10978 5
3.09006 6.417 -225.581 11058 5
-5.44649 16.6258 -225.581 20426 5
-12.1746 32.4933 -225.581 20849 5
-4.78358 10.246 -236.919 21598 4
-5.87252 12.2683 -236.919 21687 4
-5.56139 10.5571 -236.919 22037 4
-13.6914 24.054 -225.581 22326 5
-10.5394 11.8794 -236.919 24086 4
-21.2928 23.955 -238.081 24094 4
-21.915 21.0382 -238.081 24743 4
-21.7206 20.2604 -238.081 24860 4
-10.1116 5.54018 -236.919 26968 4
-21.3122 11.4516 -238.081 27041 4
-36.2774 8.57367 -238.081 29636 4
-39.8048 6.06521 -238.081 30601 4
-24.0929 0.464922 -236.919 32457 4

48 -212.5 -200
-11.0936 -1.81992 -211.919 -30458 6
-18.7746 -3.53111 -211.919 -30174 6
-6.33744 -1.26395 -213.081 -30043 6
-16.3731 -6.01041 -211.919 -28368 6
-27.8264 -16.4915 -211.919 -26671 6
-11.6849 -7.54483 -213.081 -26339 6
-11.1794 -14.1952 -213.081 -23602 6
-7.32916 -11.6673 -213.081 -22705 6
-8.47644 -16.2369 -213.081 -22003 6
-5.69574 -17.0342 -213.081 -20489 6
-9.44164 -32.3059 -211.919 -20089 6
-2.84964 -40.1813 -211.919 -17468 6
1.38239 -24.7346 -213.081 -15516 6
5.46594 -15.5175 -213.081 -12116 6
2.33345 -6.24022 -199.419 -11924 7
3.6363 -9.02092 -199.419 -11677 7
2.83903 -6.90136 -199.419 -11608 7
14.8563 -21.2521 -200.581 -9643 7
9.68383 -13.3572 -199.419 -9498 7
8.01152 -8.18476 -199.419 -8279 7
10.0727 -9.85707 -199.419 -8103 7
7.81707 -7.21249 -199.419 -7862 7
16.6453 -12.1516 -200.581 -6913 7
19.2315 -13.4934 -200.581 -6755 7
14.8758 -8.55422 -199.419 -5981 7
25.5513 -14.524 -200.581 -5937 7
24.2096 -12.8711 -200.581 -5687 7
8.65322 -3.45952 -199.419 -4679 7
7.25315 -2.13723 -199.419 -3728 7
7.75873 -1.78721 -199.419 -3067 7
13.8063 2.89914 -199.419 2843 7
23.2868 17.9552 -199.419 7132 7
6.24022 12.6784 -200.581 10979 7
2.77893 5.79474 -200.581 11073 7
-4.84368 14.7396 -200.581 20436 7
-10.7551 28.9737 -200.581 20819 7
-4.31689 9.3126 -211.919 21573 6
-5.11415 10.8099 -211.919 21645 6
-4.90025 9.27371 -211.919 22048 6
-12.3302 21.5261 -200.581 22350 7
-18.8037 21.1549 -213.081 24093 6
-9.29492 10.4404 -211.919 24100 6
-19.1343 19.852 -213.081 24425 6
-19.1926 17.888 -213.081 24864 6
-8.90601 4.87904 -211.919 26969 6
-18.8426 10.1099 -213.081 27046 6
-32.3378 7.34861 -213.081 29734 6
-35.0407 5.34573 -213.081 30599 6

43 -137.5 -125
-6.72635 -1.10839 -138.081 -30450 8
-11.4534 -3.77418 -136.919 -28707 8
-27.8653 -11.5912 -136.919 -27954 8
-29.6737 -17.1591 -136.919 -26765 8
-6.99859 -4.49189 -138.081 -26363 8
-6.64857 -8.53655 -138.081 -23557 8
-4.74292 -7.4476 -138.081 -22758 8
-5.13183 -9.81994 -138.081 -22007 8
-3.45952 -10.2866 -138.081 -20507 8
-5.77353 -19.6788 -138.081 -20100 8
-1.74184 -24.4624 -138.081 -17473 8
-2.0459 -28.903 -136.919 -17467 8
0.779585 -14.6813 -138.081 -15557 8
2.92978 -8.26254 -124.419 -12095 9
2.06122 -5.19016 -124.419 -11726 9
7.99207 -15.0101 -124.419 -10691 9
8.28376 -11.8794 -124.419 -9652 9
5.91141 -8.18476 -124.419 -9513 9
4.91969 -5.01515 -124.419 -8270 9
5.61973 -5.55963 -124.419 -8147 9
4.78358 -4.41235 -124.419 -7861 9
11.2395 -8.14587 -124.419 -6884 9
10.695 -7.52362 -124.419 -6765 9
14.273 -8.09402 -124.419 -5928 9
16.2758 -8.6709 -124.419 -5694 9
27.0292 4.09179 -124.419 2154 9
7.85419 1.65286 -125.581 2848 9
16.092 12.1605 -124.419 7052 9
14.6141 13.9106 -124.419 7989 9
3.86788 7.81706 -125.581 10960 9
-3.30572 9.93485 -136.919 20474 8
-6.4771 17.7731 -125.581 20760 9
-15.2664 34.4573 -125.581 21414 9
-3.02701 6.3893 -136.919 21650 8
-2.852 5.38462 -136.919 22057 8
-2.91682 5.50129 -136.919 22060 8
-8.25783 14.3684 -136.919 22363 8
-5.5225 6.16244 -136.919 24127 8
-11.5117 10.6738 -136.919 24885 8
-5.25027 2.85671 -136.919 26994 8
-11.2978 6.02632 -136.919 27068 8
-20.3983 4.85959 -136.919 29615 8
-20.5927 3.18728 -136.919 30572 8

30 -62.5 -50
-5.87075 -1.76954 -63.081 -28973 10
-9.02091 -3.71408 -63.081 -27989 10
-10.4599 -6.00864 -63.081 -26790 10
-7.69862 -4.64746 -63.081 -26600 10
-15.9059 -18.558 -61.919 -23945 10
-12.1251 -16.6329 -61.919 -23291 10
-2.02056 -6.82535 -63.081 -20126 10
-4.7494 -21.8956 -63.081 -19304 10
-0.931612 -12.659 -63.081 -17507 10
-0.620485 -8.49766 -63.081 -17498 10
10.6449 -33.0767 -63.081 -12394 10
18.5121 -23.5078 -50.581 -9165 11
5.85308 -4.23734 -49.419 -6880 11
19.8343 -13.5984 -50.581 -6664 11
28.7987 -17.8621 -50.581 -6271 11
18.6871 -10.1099 -50.581 -5752 11
8.47821 -4.52902 -49.419 -5704 11
40.2277 2.5637 -50.581 981 11
6.27911 0.972271 -50.581 2196 11
27.4764 7.9744 -49.419 3685 11
8.65145 6.37811 -50.581 6952 11
0.665858 12.3673 -50.581 15546 11
-0.526794 14.8952 -50.581 16943 11
-2.97515 8.43755 -61.919 20655 10
-5.67984 13.1646 -50.581 21322 11
-3.57796 6.24022 -61.919 22354 10
-3.94742 3.65397 -61.919 24892 10
-8.84767 2.09834 -61.919 29627 10
-14.448 2.56503 -61.919 30297 10
-6.41699 0.98995 -61.919 30578 10

23 -37.5 -25
-7.031 -9.60604 -38.081 -23308 12
-1.79369 -8.20597 -38.081 -19322 12
-0.562148 -7.15592 -38.081 -17577 12
5.43353 -26.7764 -38.081 -13620 12
4.02697 -12.4451 -38.081 -12378 12
10.3187 -27.2927 -38.081 -11889 12
9.33947 -18.3332 -38.081 -10854 12
7.83651 -4.23734 -24.419 -5749 13
5.85308 -3.14839 -24.419 -5730 13
6.55488 1.34704 -25.581 2792 13
11.7645 3.44361 -24.419 3709 13
22.9651 15.4803 -24.419 6597 13
6.06521 4.49189 -25.581 6971 13
24.2396 21.3582 -24.419 7674 13
20.3894 18.908 -24.419 7883 13
11.5806 17.333 -24.419 9821 13
7.18381 26.3751 -24.419 12876 13
-0.291681 7.46528 -36.919 17000 12
-5.39522 40.2202 -24.419 18321 13
-3.94742 9.25426 -36.919 21282 12
-23.9957 10.526 -38.081 27772 12
-35.8185 7.65325 -38.081 29883 12
-18.1037 3.45952 -36.919 30139 12

13 -12.5 0
-4.84015 -9.31437 -13.081 -21986 14
4.33032 -14.6619 -13.081 -12648 14
14.2924 -19.4437 -0.581 -9442 15
13.3184 9.02268 -0.581 6616 15
14.1895 12.7251 -0.581 7746 15
11.8211 11.0256 -0.581 7906 15
4.14011 7.77818 -0.581 10692 15
8.32088 16.8981 -0.581 10978 15
-3.11952 23.3345 -0.581 18316 15
-9.74216 9.16352 -11.919 24826 14
-17.8412 6.59996 -11.919 28343 14
-22.9327 4.93089 -13.081 29868 14
-22.3039 4.78181 -11.919 29875 14

23 12.5 25
-13.4085 -25.8889 13.081 -21974 16
-2.40947 -9.31436 11.919 -19751 16
1.77282 -29.503 13.081 -15455 16
1.75186 -11.6089 11.919 -14235 16
11.8446 -40.2397 13.081 -12658 16
8.76989 -15.1657 25.581 -10380 17
7.17537 -8.98202 25.581 -9107 17
4.84191 -3.45952 25.581 -6827 17
7.13647 -2.95394 25.581 -4796 17
13.884 -1.8974 25.581 -1969 17
6.06521 2.93626 24.419 5344 17
12.3974 22.0387 25.581 10485 17
5.30684 9.8005 24.419 10628 17
8.74868 16.3536 24.419 10673 17
-0.390677 27.4764 24.419 16613 17
-0.407471 28.5821 25.581 16614 17
-2.30062 43.1759 25.581 17212 17
-1.73064 6.1041 13.081 20003 16
-7.52538 2.72059 13.081 28417 16
-12.134 3.38822 13.081 29191 16
-8.731 1.90389 13.081 29834 16
-9.76161 2.05297 13.081 29921 16
-14.0396 1.81962 13.081 30888 16

26 37.5 50
-9.83114 -7.03925 36.919 -25931 18
-11.9723 -20.547 38.081 -22415 18
-3.86787 -15.1674 36.919 -19713 18
4.37051 -28.4487 36.919 -14202 18
13.283 -26.6791 36.919 -10938 18
11.968 -20.7945 36.919 -10398 18
12.5423 -15.9046 49.419 -9160 19
8.76989 -6.29855 50.581 -6848 19
10.4228 -4.37346 50.581 -4842 19
13.1451 -4.68458 50.581 -4304 19
24.8124 -3.3234 49.419 -1935 19
6.14299 2.39179 49.419 4591 19
11.1599 5.38638 49.419 5333 19
5.17072 7.99207 49.419 9947 19
4.87904 7.6615 49.419 10009 19
8.08753 14.9146 49.419 10623 19
13.6094 25.4028 50.581 10668 19
1.78721 5.69751 49.419 12471 19
0.989949 6.26143 49.419 14147 19
-3.44361 12.2506 49.419 19978 19
-4.56968 5.28739 38.081 23979 18
-23.3929 11.9766 36.919 27220 18
-17.6565 6.29207 38.081 28463 18
-20.6122 5.72167 38.081 29208 18
-20.5538 4.47068 38.081 29840 18
-22.5956 2.96042 38.081 30870 18

33 62.5 75
-30.6752 -1.17822 61.919 -32161 20
-15.9559 -11.4021 63.081 -25939 20
-15.6713 -11.22 61.919 -25932 20
-5.36517 -21.0594 61.919 -19710 20
7.12587 -45.9955 63.081 -14186 20
4.81451 -24.5888 61.919 -13701 20
18.9805 -33.1934 61.919 -10423 20
17.9481 -23.1772 74.419 -9233 21
8.38098 -6.57079 75.581 -7200 21
12.7368 -9.0987 75.581 -6827 21
17.287 -8.35977 75.581 -5340 21
13.7285 -5.81242 75.581 -4873 21
30.4321 -10.8099 74.419 -4294 21
36.4408 -4.90496 74.419 -1943 21
42.9874 9.88653 74.419 3063 21
15.6536 5.99096 75.581 4534 21
16.5481 7.9744 75.581 5327 21
7.05692 11.1617 74.419 10037 21
12.5335 21.3193 75.581 10318 21
10.9973 20.3276 75.581 10632 21
2.60392 8.26431 74.419 12458 21
1.32052 8.26431 74.419 14126 21
-1.61397 6.99859 63.081 19454 20
-4.59737 16.4897 74.419 19956 21
-6.35866 7.23193 63.081 24049 20
-4.55023 4.49013 63.081 24630 20
-4.95859 3.5373 63.081 25946 20
-27.2625 9.62372 61.919 28493 20
-28.7015 7.92549 61.919 29222 20
-20.1455 5.33276 63.081 29338 20
-31.6572 6.99211 61.919 29803 20
-30.7238 4.0364 61.919 30865 20
-6.63089 0.73716 63.081 31128 20

29 87.5 100
-4.72347 -3.30573 86.919 -26022 22
-2.75948 -8.34209 86.919 -20456 22
-6.95911 -27.2307 88.081 -19718 22
-3.1841 -24.9906 88.081 -18235 22
3.8502 -4.95682 100.581 -9221 23
16.9175 -17.3241 99.419 -8289 23
17.0342 -16.5074 99.419 -8063 23
10.555 -8.25476 100.581 -7190 23
16.4897 -11.7627 99.419 -6821 23
17.0342 -7.25138 100.581 -4892 23
5.36694 -2.19557 100.581 -4756 23
25.8041 0.662912 100.581 410 23
11.0645 0.390675 100.581 558 23
24.754 9.33558 100.581 4486 23
21.6622 10.444 100.581 5329 23
9.17648 14.6813 99.419 10082 23
13.7909 25.4806 100.581 10630 23
2.50669 6.45588 99.419 11801 23
3.45304 10.8506 99.419 12428 23
1.65109 10.2672 99.419 14114 23
-2.47134 10.6561 99.419 19468 23
-5.73817 20.7677 99.419 19930 23
-4.7058 7.99031 88.081 22456 22
-8.14764 9.17648 88.081 24089 22
-5.77529 5.71519 88.081 24618 22
-6.70868 4.85959 88.081 25885 22
-35.8379 9.44871 86.919 29349 22
-39.4548 5.13183 86.919 30882 22
-8.55599 0.951059 88.081 31128 22

33 112.5 125
-6.84303 -4.84192 111.919 -25978 24
-27.7875 -19.8361 113.081 -25943 24
-2.33168 -5.07526 111.919 -21541 24
-1.80666 -5.44472 111.919 -20466 24
-3.84843 -12.1534 111.919 -20324 24
-8.47585 -33.1032 113.081 -19723 24
4.58912 -5.92909 125.581 -9235 25
19.9705 -20.6104 124.419 -8321 25
20.4566 -19.4631 124.419 -7988 25
12.5229 -9.89596 125.581 -7232 25
12.834 -9.97374 125.581 -7164 25
20.476 -14.5823 124.419 -6814 25
5.07526 -2.6817 125.581 -5664 25
20.2038 -8.59311 124.419 -4889 25
7.35037 -2.97338 125.581 -4718 25
6.63089 -0.970505 125.581 -2091 25
15.1285 0.51383 125.581 538 25
34.7684 6.67155 124.419 2637 25
33.7378 12.5635 125.581 4445 25
26.7958 12.8811 125.581 5319 25
11.3862 18.383 125.581 10117 25
3.3234 5.71696 124.419 10360 25
3.12895 8.01152 124.419 11782 25
4.25678 13.4174 124.419 12437 25
1.96222 12.2895 124.419 14128 25
-3.03526 13.1646 124.419 19453 25
-6.89193 25.0846 124.419 19915 25
-6.76701 11.6072 113.081 22418 24
-9.91717 11.1016 113.081 24114 24
-7.0198 6.92081 113.081 24634 24
-8.47821 6.24022 113.081 25821 24
-6.82535 1.20385 113.081 30311 24
-10.4616 1.14551 113.081 31151 24

35 137.5 150
-6.12354 -1.82787 136.919 -29001 26
-8.96258 -6.3781 136.919 -25956 26
-3.03172 -6.66978 136.919 -21503 26
-2.11778 -6.3781 136.919 -20468 26
-4.91793 -15.8675 136.919 -20260 26
5.32805 -6.90136 150.581 -9245 27
22.9067 -23.8578 149.419 -8358 27
23.3151 -22.5549 149.419 -8056 27
14.4285 -11.5683 150.581 -7290 27
14.6424 -11.5099 150.581 -7210 27
15.1091 -11.7044 150.581 -7151 27
24.4818 -17.4213 149.419 -6811 27
6.39755 -3.45952 150.581 -5750 27
23.529 -10.0386 149.419 -4899 27
9.33381 -3.7512 150.581 -4696 27
6.06698 -2.04 150.581 -4122 27
8.41987 -1.24274 150.581 -2107 27
21.9928 -2.44836 150.581 -1641 27
19.1926 0.662912 150.581 547 27
31.91 15.3248 150.581 5315 27
3.67342 3.65574 149.419 8172 27
13.5252 21.9221 150.581 10132 27
4.27623 7.25315 149.419 10307 27
2.19557 5.05581 149.419 11423 27
3.73175 9.54771 149.419 11779 27
5.11238 15.9841 149.419 12413 27
2.2928 14.2924 149.419 14119 27
-3.61862 15.6925 149.419 19454 27
-8.07162 29.4015 149.419 19913 27
-8.86712 15.1851 138.081 22424 26
-11.6867 13.0267 138.081 24131 26
-8.28376 8.14587 138.081 24644 26
-10.1894 7.6014 138.081 25767 26
-8.26431 1.43719 138.081 30340 26
-12.3673 1.33997 138.081 31166 26

33 162.5 175
-7.34861 -1.88621 161.919 -29421 28
-11.1016 -7.89485 161.919 -25958 28
-30.3154 -22.4029 163.081 -25805 28
-3.7512 -8.24487 161.919 -21507 28
-2.39002 -7.35038 161.919 -20404 28
-6.00687 -19.601 161.919 -20227 28
6.10587 -7.83474 175.581 -9207 29
16.587 -12.9878 174.419 -7195 29
17.2481 -13.3767 174.419 -7156 29
19.2121 -12.4628 174.419 -6446 29
7.73928 -4.25678 175.581 -5813 29
26.7958 -11.4905 174.419 -4917 29
11.2978 -4.50957 175.581 -4674 29
7.07814 -2.35113 175.581 -4085 29
19.6788 -4.24901 175.581 -2909 29
10.2283 -1.53442 175.581 -2137 29
23.2567 0.786068 175.581 535 29
4.33456 4.23911 174.419 8100 29
15.6836 25.4028 175.581 10129 29
5.19016 8.82823 174.419 10317 29
2.50669 5.75585 174.419 11413 29
4.35401 11.0645 174.419 11757 29
5.94853 18.5315 174.419 12402 29
2.62337 16.2953 174.419 14112 29
-4.18254 18.2009 174.419 19445 29
-9.2578 33.66 174.419 19918 29
-11.9024 20.3594 174.419 22428 29
-13.3785 14.874 161.919 24142 28
-9.50882 9.37093 163.081 24635 28
-4.39467 4.25678 163.081 24706 28
-11.9201 9.02092 163.081 25710 28
-9.74216 1.67054 163.081 30369 28
-14.3021 1.58304 163.081 31135 28

32 187.5 200
-8.63201 -1.9251 186.919 -29780 30
-13.2211 -9.39214 186.919 -25963 30
-4.47068 -9.81994 186.919 -21509 30
-2.72059 -8.34209 186.919 -20413 30
-7.14708 -23.4777 188.081 -20207 30
6.84479 -8.80701 200.581 -9219 31
19.4065 -15.0684 199.419 -7161 31
18.6871 -14.5045 199.419 -7159 31
9.06157 -5.0346 200.581 -5851 31
25.8624 -12.4757 199.419 -5331 31
30.0238 -13.0072 199.419 -4952 31
13.2618 -5.26795 200.581 -4657 31
8.05041 -2.70115 200.581 -4116 31
11.9784 -1.80666 200.581 -2147 31
7.00036 -0.251022 200.581 -567 31
27.3208 0.896257 200.581 520 31
4.95682 4.86136 199.419 8112 31
6.12354 10.3839 199.419 10306 31
2.81782 6.45588 199.419 11405 31
4.99571 12.6006 199.419 11732 31
6.81327 21.2318 200.581 12403 31
2.91505 18.2982 199.419 14132 31
-4.7659 20.7288 199.419 19446 31
-10.5094 38.1396 200.581 19923 31
-13.9636 23.9373 199.419 22420 31
-15.1286 16.8574 186.919 24133 30
-10.7339 10.596 188.081 24628 30
-5.21138 5.07349 188.081 24685 30
-13.6507 10.4793 188.081 25652 30
-5.13359 2.27335 188.081 27739 30
-11.1811 1.94278 188.081 30342 30
-16.2369 1.78721 188.081 31143 30

32 212.5 225
-9.97551 -1.94631 213.081 -30093 32
-15.3601 -10.9089 211.919 -25964 32
-5.19016 -11.395 211.919 -21511 32
-3.01228 -9.29492 211.919 -20394 32
-8.25547 -27.1529 213.081 -20203 32
7.58372 -9.77929 225.581 -9227 33
21.5844 -16.8185 224.419 -7175 33
20.7677 -16.0407 224.419 -7139 33
10.3644 -5.79297 225.581 -5874 33
15.2647 -6.06521 225.581 -4658 33
9.02268 -3.05117 225.581 -4140 33
28.0209 -9.05981 224.419 -4003 33
13.7479 -2.09834 225.581 -2169 33
8.05041 -0.212132 225.581 -420 33
31.2099 1.01293 224.419 515 33
5.57907 5.40583 224.419 8062 33
7.05693 11.9395 224.419 10297 33
3.1095 7.21426 224.419 11449 33
5.57907 14.1174 224.419 11743 33
7.63322 23.8083 225.581 12406 33
3.22617 20.2816 224.419 14135 33
-5.34926 23.2567 224.419 19447 33
-11.6955 42.437 225.581 19923 33
-16.0443 27.4958 224.419 22421 33
-16.8981 18.8603 211.919 24126 32
-11.9784 11.8405 213.081 24623 32
-6.02809 5.8902 213.081 24670 32
-12.134 11.6849 213.081 24730 32
-15.3036 11.8988 211.919 25601 32
-5.91141 2.66226 213.081 27680 32
-12.6784 2.19557 213.081 30349 32
-18.162 2.00111 213.081 31141 32

34 237.5 250
-11.2395 -1.96576 238.081 -30329 34
-17.5698 -12.5105 238.081 -25953 34
-5.90965 -12.9701 236.919 -21512 34
-3.30396 -10.2866 236.919 -20367 34
-9.36386 -30.867 238.081 -20197 34
8.32265 -10.6738 250.581 -9205 35
23.7818 -18.5103 249.419 -7170 35
22.9067 -17.5575 249.419 -7109 35
11.6867 -6.57079 250.581 -5896 35
17.2481 -6.84303 250.581 -4653 35
10.0338 -3.36229 250.581 -4112 35
30.471 -4.70403 249.419 -2191 35
15.5175 -2.39002 250.581 -2186 35
9.10046 -0.251022 250.581 -439 35
35.2546 1.16849 249.419 525 35
6.20133 5.9503 249.419 8022 35
5.59852 5.85308 249.419 8374 35
7.99031 13.4951 249.419 10290 35
3.44007 7.93374 249.419 11428 35
6.20133 15.673 249.419 11739 35
8.48882 26.3751 250.581 12394 35
3.55675 22.2845 249.419 14128 35
-0.29345 7.93374 249.419 16968 35
-1.36118 5.96798 238.081 19426 34
-5.91318 25.7652 249.419 19442 35
-18.1055 31.1127 249.419 22411 35
-18.6093 20.9604 236.919 24089 34
-12.4451 13.5258 238.081 24235 34
-13.2229 13.085 238.081 24618 34
-6.84479 6.70691 238.081 24659 34
-17.0731 13.435 236.919 25552 34
-6.74757 3.03172 238.081 27688 34
-14.0785 2.50669 238.081 30291 34
-20.0871 2.21501 238.081 31140 34

34 262.5 275
-12.5229 -2.00465 263.081 -30507 36
-19.6699 -14.0272 263.081 -25947 36
-6.62913 -14.5452 261.919 -21513 36
-3.59564 -11.2784 261.919 -20344 36
-10.4917 -34.5616 263.081 -20199 36
9.10046 -11.6072 275.581 -9183 37
25.9791 -20.2409 274.419 -7174 37
25.0457 -19.0742 274.419 -7083 37
13.009 -7.30972 275.581 -5894 37
19.2121 -7.64029 275.581 -4661 37
11.0061 -3.63453 275.581 -4067 37
17.2675 -2.66226 275.581 -2188 37
10.1894 -0.251024 275.581 -393 37
34.2045 0.0795498 274.419 38 37
39.3381 1.28517 274.419 518 37
6.80413 6.51422 274.419 8013 37
6.24022 6.49477 274.419 8355 37
8.92369 15.0508 274.419 10285 37
3.77065 8.69211 274.419 11426 37
6.80413 17.1703 274.419 11734 37
9.32497 28.9613 275.581 12393 37
3.89969 24.3528 275.581 14122 37
-0.332341 8.67266 274.419 16988 37
-6.4771 28.2737 274.419 19437 37
-1.55564 6.70691 263.081 19468 36
-20.3399 23.0022 261.919 24072 36
-3.57796 3.93269 263.081 24189 36
-14.3896 14.2517 261.919 24615 36
-7.70039 7.52362 263.081 24671 36
-23.004 19.4048 261.919 25271 36
-18.9204 15.049 261.919 25509 36
-7.56427 3.38174 263.081 27706 36
-15.5466 2.82754 263.081 30246 36
-21.9928 2.44836 263.081 31126 36

40 312.5 325
-15.148 -2.10188 313.081 -30771 38
-8.06809 -17.6953 311.919 -21514 38
-4.21789 -13.3007 311.919 -20328 38
-1.57331 -6.92257 311.919 -19418 38
1.24627 -14.1368 311.919 -15056 38
1.94454 -5.4624 325.581 -12082 39
4.82247 -11.7627 325.581 -11620 39
5.06878 -11.646 325.581 -11415 39
5.05581 -11.3738 325.581 -11342 39
5.2373 -11.3997 325.581 -11226 39
5.60029 -10.1379 325.581 -10553 39
10.0468 -13.9017 325.581 -9510 39
10.6172 -13.435 325.581 -9151 39
4.74469 -3.59564 325.581 -7063 39
15.5952 -8.84591 325.581 -5929 39
23.0817 -9.13759 324.419 -4646 39
12.9507 -4.179 325.581 -3997 39
37.8603 -6.5319 324.419 -2410 39
20.7677 -3.20673 325.581 -2191 39
12.2895 -0.251022 325.581 -327 39
47.5052 1.59629 324.419 532 39
8.0292 7.62261 324.419 7979 39
7.67918 7.81706 324.419 8264 39
7.6014 7.73928 324.419 8265 39
9.21537 13.7868 324.419 9820 39
10.8417 18.2274 325.581 10273 39
8.06102 20.2692 325.581 11722 39
10.9778 34.1144 325.581 12395 39
4.56084 28.3585 325.581 14114 39
-0.449013 10.1116 324.419 17080 39
-1.82787 8.14587 313.081 19386 38
-7.62438 33.2711 324.419 19438 39
-2.02233 5.30684 313.081 20904 38
-4.21966 4.66514 313.081 24165 38
-16.8592 16.7602 311.919 24600 38
-9.3727 9.15703 313.081 24671 38
-22.6928 18.1992 311.919 25476 38
-9.17825 4.14011 313.081 27674 38
-18.4732 3.40118 313.081 30220 38
-25.7458 2.8956 311.919 31111 38

38 387.5 400
-19.0954 -2.1991 388.081 -31076 40
-15.0296 -8.6597 386.919 -26778 40
-30.1988 -21.7029 388.081 -25916 40
-10.2584 -22.5832 388.081 -21501 40
-5.07349 -16.3731 386.919 -20259 40
-1.92333 -8.67266 386.919 -19357 40
2.5173 -31.042 388.081 -15155 40
1.43896 -7.05693 400.581 -13609 41
2.40328 -10.5103 386.919 -13334 40
2.39179 -6.84303 400.581 -12140 41
9.35325 -14.6601 400.581 -10002 41
12.8599 -16.1963 399.419 -9132 41
5.83363 -4.37346 400.581 -7020 41
20.6899 -13.5258 399.419 -6476 41
19.5038 -11.121 399.419 -5949 41
28.9737 -11.4127 399.419 -4629 41
15.8675 -4.99571 400.581 -3923 41
25.9402 -4.02344 399.419 -2199 41
15.498 -0.309361 400.581 -320 41
17.987 3.96864 400.581 2961 41
9.77929 9.29492 399.419 7983 41
9.68206 9.43104 399.419 8084 41
9.93485 10.1505 399.419 8279 41
13.6613 22.9138 400.581 10264 41
9.85 24.8583 400.581 11734 41
5.61089 34.4644 400.581 14090 41
0.912168 6.33921 399.419 14323 41
-0.614298 12.2992 399.419 17163 41
-2.35953 10.6221 399.419 19361 41
-9.3232 40.9203 400.581 19424 41
-2.45013 6.59024 388.081 20824 40
-5.21138 5.77353 388.081 24156 40
-20.5149 20.5715 386.919 24564 40
-11.8617 11.6201 388.081 24660 40
-11.5506 5.26795 388.081 27636 40
-22.7512 4.33457 388.081 30146 40
-22.7317 4.31512 386.919 30154 40
-31.5599 3.61508 386.919 31084 40

32 487.5 500
-24.4624 -2.35467 488.081 -31329 42
-13.1946 -29.0586 488.081 -21500 42
-6.24022 -20.4566 486.919 -20213 42
-2.07889 -9.13935 486.919 -19420 42
-2.42891 -10.9672 486.919 -19354 42
1.20739 -8.80878 486.919 -14409 42
3.01404 -8.6709 500.581 -12157 43
14.9146 -19.0159 499.419 -9182 43
15.8869 -19.9104 499.419 -9112 43
7.29204 -5.48185 500.581 -7031 43
24.8513 -14.2128 499.419 -5961 43
19.6982 -6.1041 500.581 -3875 43
6.45588 -1.80666 500.581 -3582 43
33.0184 -5.19016 499.419 -2225 43
19.7955 -0.367695 500.581 -298 43
8.5171 0.0212135 500.581 40 43
12.2294 11.5117 499.419 7944 43
12.3072 11.5895 499.419 7945 43
13.1822 13.1646 499.419 8186 43
17.4337 29.1752 500.581 10255 43
2.35113 5.13359 499.419 11237 43
12.2612 30.9253 500.581 11732 43
1.12607 7.8754 499.419 14334 43
-0.682358 15.1674 499.419 17089 43
-3.01581 13.4562 499.419 19383 43
-3.11127 8.26254 488.081 20865 42
-6.51422 7.19304 488.081 24170 42
-15.1674 14.874 486.919 24656 42
-14.7396 6.82358 488.081 27583 42
-28.5459 5.54018 486.919 30105 42
-39.2409 4.56791 486.919 31059 42
-26.368 2.40298 486.919 31399 42

34 587.5 600
-29.7126 -2.47134 586.919 -31509 44
-29.3432 -18.2027 588.081 -26495 44
-6.47356 -7.77817 586.919 -23826 44
-7.43876 -24.5472 588.081 -20194 44
-2.87615 -13.2812 586.919 -19300 44
1.30461 -11.2784 586.919 -14685 44
3.57796 -10.5182 600.581 -12225 45
2.00288 -5.32628 600.581 -11906 45
18.8815 -23.6439 599.419 -9109 45
20.6899 -23.43 599.419 -8700 45
8.731 -6.57079 600.581 -7035 45
4.99748 -2.29279 600.581 -5152 45
23.4512 -7.29027 599.419 -3885 45
40.077 -6.29855 599.419 -2225 45
24.0735 -0.445477 600.581 -297 45
10.2283 0.0212135 600.581 33 45
13.534 0.682358 600.581 786 45
7.99207 0.624022 600.581 1186 45
6.39578 1.86676 599.419 3701 45
14.9253 13.755 600.581 7857 45
14.6725 13.7355 600.581 7921 45
16.8115 16.1857 600.581 8036 45
2.8956 6.22254 599.419 11181 45
2.75949 5.93086 599.419 11181 45
1.35941 9.43104 599.419 14319 45
-0.740694 18.1426 599.419 17026 45
-3.65751 16.3147 599.419 19384 45
-3.69463 9.93485 588.081 20825 44
-9.18001 17.8704 599.419 21944 45
-7.85596 8.65145 588.081 24181 44
-18.4926 18.1214 586.919 24659 44
-17.9676 8.34032 588.081 27573 44
-34.5351 8.41811 586.919 29557 44
-34.3018 6.70691 586.919 30088 44

37 637.5 650
-32.3572 -2.54912 636.919 -31571 46
-31.735 -19.6611 638.081 -26500 46
-31.6377 -19.7194 638.081 -26477 46
-8.69034 -7.11703 636.919 -25391 46
-12.1251 -14.8828 638.081 -23739 46
-8.06102 -26.5695 638.081 -20197 46
-3.09006 -14.4285 636.919 -19273 46
1.11016 -12.6395 636.919 -15061 46
3.79363 -11.2006 636.919 -12238 46
12.5246 -35.1379 636.919 -12078 46
2.139 -5.73464 650.581 -11933 47
20.3983 -25.4718 649.419 -9098 47
9.45048 -7.13471 650.581 -7048 47
5.40583 -2.4678 650.581 -5135 47
25.3569 -7.87363 649.419 -3882 47
40.5437 -3.12895 649.419 -1173 47
26.2513 -0.52326 650.581 -320 47
11.0645 0.040659 650.581 59 47
8.65322 0.662912 650.581 1165 47
13.2423 1.67408 650.581 1838 47
6.90136 1.98343 649.419 3657 47
16.2281 14.7467 650.581 7800 47
15.8781 14.8634 650.581 7921 47
18.6782 17.508 650.581 7927 47
3.14839 6.78646 649.419 11191 47
2.97338 6.45588 649.419 11217 47
1.47609 10.2089 649.419 14314 47
0.270469 7.09758 649.419 15782 47
-0.799032 19.6399 649.419 17024 47
-3.98808 17.7731 649.419 19386 47
-4.02521 10.771 638.081 20841 46
-4.68635 9.13759 638.081 21938 46
-8.5171 9.39038 638.081 24176 46
-20.1649 19.7548 636.919 24660 46
-19.5427 9.0987 636.919 27563 46
-37.238 7.27083 636.919 30091 46
-34.6518 4.02344 636.919 31063 46

37 687.5 700
-35.0212 -0.312895 686.919 -32622 48
-35.0212 -2.64635 686.919 -31616 48
-10.946 -6.41699 686.919 -26712 48
-16.442 -12.1605 688.081 -25802 48
-8.67031 -28.553 688.081 -20200 48
-3.3234 -15.5952 686.919 -19262 48
0.721249 -13.884 686.919 -15574 48
4.10476 -12.134 686.919 -12242 48
2.33345 -6.16244 700.581 -11884 49
2.92978 -5.07349 700.581 -10386 49
3.81131 -5.77353 700.581 -9869 49
5.82391 -5.60824 700.581 -8037 49
10.1894 -7.64029 700.581 -7020 49
5.81419 -2.64281 700.581 -5120 49
27.2042 -8.43755 699.419 -3878 49
28.4292 -0.60104 699.419 -339 49
11.9006 0.0601044 700.581 82 49
9.31436 0.701805 700.581 1147 49
11.9006 3.01581 700.581 3312 49
7.36805 2.139 699.419 3686 49
11.8423 3.54084 700.581 3771 49
18.0949 12.9577 700.581 6836 49
17.4726 15.7579 700.581 7769 49
20.5255 18.9275 700.581 7860 49
17.0837 15.9912 700.581 7921 49
3.24562 6.96147 699.419 11174 49
3.40118 7.35037 699.419 11201 49
1.6122 11.0061 699.419 14290 49
0.328803 7.62261 699.419 15706 49
-0.799031 21.1177 699.419 16981 49
-4.29921 19.251 699.419 19374 49
-4.41588 11.8228 699.419 20839 49
-9.17825 10.1293 688.081 24172 48
-21.8567 21.4077 686.919 24661 48
-4.53079 2.87616 688.081 26406 48
-21.1761 9.87651 686.919 27556 48
-22.3039 5.01515 686.919 29760 48

54 737.5 750
-37.6464 -2.70468 736.919 -31669 50
-9.68383 -1.16201 738.081 -31012 50
-36.0129 -5.27148 736.919 -30675 50
-6.37634 -1.30285 736.919 -29988 50
-13.184 -5.69928 738.081 -27823 50
-17.0925 -7.66327 738.081 -27696 50
-26.9903 -12.1163 738.081 -27691 50
-7.32916 -5.02989 736.919 -26100 50
-10.6349 -9.39863 736.919 -25081 50
-3.07061 -5.07526 736.919 -22559 50
-9.30552 -30.5364 738.081 -20210 50
-3.55675 -16.736 736.919 -19255 50
0.137888 -15.0119 736.919 -16234 50
1.47785 -6.94025 750.581 -13507 51
4.85665 -15.2452 736.919 -12425 50
4.3381 -13.0673 736.919 -12300 50
2.46957 -6.60968 750.581 -11927 51
2.81959 -5.75408 750.581 -10995 51
14.9164 -28.3903 736.919 -10740 50
7.73928 -12.5794 750.581 -10143 51
4.16132 -3.86788 750.581 -7892 51
10.9089 -8.20421 750.581 -7032 51
15.5369 -9.25426 750.581 -6115 51
10.5783 -6.21429 750.581 -6063 51
6.22254 -2.81782 750.581 -5106 51
14.6813 -5.98743 750.581 -4746 51
29.0515 -9.00147 749.419 -3875 51
6.10587 -1.14551 750.581 -2588 51
7.84299 -1.30108 750.581 -2331 51
30.6266 -0.659378 749.419 -345 51
12.8048 0.108719 750.581 137 51
9.97551 0.740694 750.581 1132 51
7.87363 2.25567 749.419 3648 51
7.26434 3.07238 749.419 4869 51
18.7755 16.7496 750.581 7724 51
22.334 20.2303 750.581 7787 51
18.3671 17.1191 750.581 7903 51
4.27623 7.36982 749.419 10368 51
3.67342 7.89485 749.419 11181 51
3.47897 7.50594 749.419 11195 51
9.81111 25.2084 750.581 11793 51
1.72888 11.745 749.419 14281 51
0.328804 8.16708 749.419 15749 51
-0.857368 22.615 749.419 16982 51
-4.64923 20.7677 749.419 19380 51
-4.74646 12.6201 749.419 20861 51
-2.85848 5.44296 738.081 22025 50
-8.1982 13.0695 738.081 22699 50
-9.83939 10.8682 738.081 24168 50
-23.5095 23.0216 736.919 24661 50
-4.86136 3.09006 738.081 26400 50
-16.9175 10.0904 736.919 26646 50
-22.7512 10.6349 736.919 27548 50
-25.7458 0.00212097 738.081 32766 50

