64 -287.5 -275
-9.50882 -0.740694 -286.919 -31583 0
-21.8178 -3.36583 -286.919 -30578 0
-8.08753 -2.97515 -288.081 -28361 0
-17.9004 -12.6855 -286.919 -25972 0
-12.4794 -11.0061 -288.081 -25089 0
-19.0088 -16.944 -286.919 -25046 0
-18.1726 -19.647 -286.919 -24256 0
-7.71807 -9.21714 -288.081 -23850 0
-4.3929 -7.09758 -288.081 -22647 0
-5.87075 -11.0645 -288.081 -22063 0
-5.77353 -10.8894 -288.081 -22060 0
-10.2972 -27.0946 -286.919 -20895 0
-3.09006 -12.0951 -288.081 -19718 0
-1.92333 -14.2729 -288.081 -18329 0
-0.380658 -18.9787 -288.081 -16706 0
-0.153795 -8.01152 -288.081 -16692 0
0.371232 -9.17825 -288.081 -15747 0
2.9451 -34.6199 -286.919 -15099 0
0.777818 -7.01804 -274.419 -14749 1
2.93803 -20.3788 -288.081 -14319 0
6.43821 -23.0234 -288.081 -12803 0
9.72449 -34.5156 -288.081 -12782 0
11.8051 -34.8462 -288.081 -12238 0
2.91682 -5.96798 -274.419 -11005 1
32.0072 -14.8351 -275.581 -5188 1
16.8203 -6.41523 -274.419 -4523 1
11.6673 -3.44007 -274.419 -3730 1
29.7321 -2.09834 -275.581 -1080 1
7.2337 -0.406586 -274.419 -871 1
31.4822 0.740695 -275.581 376 1
25.843 2.72413 -274.419 1562 1
10.1894 1.14905 -274.419 1660 1
36.1296 8.1883 -275.581 3027 1
13.0673 3.09359 -274.419 3136 1
27.6903 7.91606 -274.419 3642 1
10.8682 6.65034 -275.581 6219 1
7.75696 4.86136 -275.581 6312 1
5.07349 3.18905 -275.581 6323 1
11.8211 7.4476 -275.581 6332 1
6.59024 4.86136 -275.581 6955 1
5.17072 4.21966 -275.581 7362 1
6.76524 8.03096 -275.581 8892 1
6.41523 7.8754 -275.581 9029 1
10.9001 16.2635 -274.419 9809 1
12.3196 18.6941 -274.419 9875 1
8.50826 21.4165 -274.419 11725 1
1.68999 8.5171 -275.581 13671 1
2.79837 18.8426 -275.581 14265 1
1.07038 35.5436 -274.419 15905 1
-0.721249 10.7728 -275.581 17412 1
-1.09071 9.04213 -275.581 18147 1
-4.06586 20.1066 -275.581 19139 1
-4.3381 16.8009 -275.581 19746 1
-4.02521 9.75984 -286.919 21168 0
-10.2884 23.7623 -275.581 21334 1
-2.89737 6.45412 -286.919 21460 0
-20.2834 30.646 -275.581 22909 1
-6.35866 6.5319 -286.919 24465 0
-11.8617 10.3238 -286.919 25143 0
-23.8401 20.591 -288.081 25175 0
-24.0151 20.5326 -288.081 25216 0
-10.7533 7.11526 -286.919 26243 0
-15.2841 1.84555 -286.919 31002 0
-30.821 2.91505 -288.081 31352 0

64 -262.5 -250
-8.84767 -0.662912 -261.919 -31625 2
-20.301 -3.09359 -261.919 -30601 2
-7.40694 -2.72236 -263.081 -28364 2
-16.5003 -11.6743 -261.919 -25979 2
-17.4337 -15.5634 -261.919 -25040 2
-16.7726 -17.9358 -261.919 -24301 2
-7.03748 -8.38098 -263.081 -23862 2
-4.10122 -6.57256 -263.081 -22679 2
-5.2485 -9.81995 -263.081 -22090 2
-2.8956 -11.1228 -263.081 -19768 2
-1.76777 -13.0284 -263.081 -18341 2
0.332341 -8.5171 -263.081 -15768 2
0.332341 -7.58372 -263.081 -15696 2
0.93515 -14.8369 -263.081 -15412 2
0.622253 -7.32916 -249.419 -15101 3
2.75064 -32.1698 -261.919 -15093 2
5.97152 -21.4159 -263.081 -12811 2
9.0439 -32.085 -263.081 -12781 2
5.16777 -17.4231 -263.081 -12636 2
10.969 -32.4155 -263.081 -12241 2
5.07526 -12.2489 -249.419 -11584 3
2.72236 -5.54018 -249.419 -10985 3
29.0515 -13.5128 -250.581 -5201 3
15.5563 -6.00687 -249.419 -4564 3
10.4228 -3.05117 -249.419 -3710 3
23.9762 -5.17072 -250.581 -2906 3
28.1181 0.643467 -250.581 366 3
23.9568 2.54912 -249.419 1575 3
9.43104 1.05182 -249.419 1643 3
33.31 7.46881 -249.419 3000 3
11.9784 2.78246 -249.419 3088 3
25.5805 7.28408 -249.419 3631 3
9.97374 6.06698 -250.581 6196 3
4.58736 2.89737 -250.581 6342 3
10.6932 6.82534 -250.581 6383 3
6.82358 4.47245 -250.581 6486 3
6.00687 4.43356 -250.581 6957 3
4.80126 3.92797 -250.581 7372 3
6.08465 6.92258 -250.581 8719 3
6.1041 7.25315 -250.581 8896 3
9.7404 14.623 -250.581 9833 3
11.4056 17.3135 -249.419 9877 3
7.9249 19.822 -249.419 11704 3
7.86656 19.9192 -249.419 11745 3
1.53442 7.73928 -250.581 13673 3
2.56503 17.4814 -250.581 14287 3
1.02177 32.5198 -249.419 15884 3
-0.604576 10.0338 -250.581 17315 3
-3.75474 18.6287 -250.581 19132 3
-4.00753 15.5758 -250.581 19736 3
-3.61685 8.76812 -261.919 21168 2
-9.54948 22.0122 -250.581 21341 3
-2.68347 5.96798 -261.919 21465 2
-18.8055 28.3903 -250.581 22912 3
-20.8084 30.5488 -250.581 23022 3
-5.93086 6.06521 -261.919 24484 2
-22.2845 22.0688 -263.081 24615 2
-10.6367 9.25426 -261.919 25145 2
-22.1289 18.9575 -263.081 25208 2
-21.9345 18.7631 -263.081 25214 2
-9.99496 6.59023 -261.919 26257 2
-30.1599 14.0378 -263.081 27564 2
-14.2341 1.72888 -261.919 30993 2
-28.6626 2.70115 -263.081 31356 2

61 -237.5 -225
-8.16708 -0.604576 -236.919 -31638 4
-18.8037 -2.8408 -236.919 -30617 4
-6.66802 -2.45012 -238.081 -28365 4
-15.0879 -10.7144 -238.081 -25964 4
-15.8197 -14.1828 -236.919 -25022 4
-15.2558 -16.419 -236.919 -24275 4
-6.35689 -7.58372 -238.081 -23855 4
-3.79009 -6.10587 -238.081 -22658 4
-16.6753 -29.2725 -236.919 -22330 4
-2.6817 -10.1311 -238.081 -19813 4
-1.6122 -11.7839 -238.081 -18355 4
0.332341 -7.89485 -238.081 -15722 4
2.55619 -29.7197 -236.919 -15086 4
2.24771 -10.6658 -238.081 -13532 4
5.52427 -19.8149 -238.081 -12812 4
8.36331 -29.6543 -238.081 -12779 4
10.1134 -29.9265 -238.081 -12245 4
2.91682 -8.53478 -224.419 -12210 5
3.24739 -7.77641 -224.419 -11557 5
2.48902 -5.07349 -224.419 -10991 5
17.9092 -8.39866 -224.419 -5230 5
26.0958 -12.1127 -225.581 -5194 5
14.3118 -5.54018 -224.419 -4572 5
9.13935 -2.70115 -224.419 -3737 5
24.579 0.552721 -224.419 360 5
22.0706 2.33522 -224.419 1567 5
8.69211 0.974041 -224.419 1650 5
30.6071 6.78823 -224.419 2974 5
10.8894 2.54912 -224.419 3107 5
23.5484 6.72989 -224.419 3641 5
9.07925 5.56139 -225.581 6223 5
9.56539 6.1642 -225.581 6420 5
5.85131 4.12243 -225.581 6771 5
5.38462 3.96687 -225.581 6950 5
4.3929 3.67519 -225.581 7463 5
5.48833 6.45588 -225.581 8855 5
8.55422 12.8923 -225.581 9849 5
10.5765 16.0036 -225.581 9864 5
14.9771 23.5944 -224.419 10022 5
16.133 26.4918 -224.419 10182 5
7.25138 18.4343 -225.581 11758 5
1.37886 6.96147 -225.581 13675 5
2.35113 16.1008 -225.581 14296 5
1.00233 29.4669 -224.419 15845 5
-0.565685 9.25603 -225.581 17327 5
-0.933381 7.71807 -236.919 18151 4
-3.46305 17.1703 -225.581 19133 5
-3.6964 14.3702 -225.581 19736 5
-3.22794 7.75696 -236.919 21198 4
-8.79111 20.2816 -225.581 21338 5
-2.48902 5.54018 -236.919 21462 4
-17.3277 26.1347 -225.581 22916 5
-19.175 28.1375 -225.581 23024 5
-20.5927 20.4159 -238.081 24611 4
-9.43104 8.20421 -236.919 25145 4
-20.2427 17.3047 -238.081 25217 4
-20.1066 17.013 -238.081 25258 4
-9.25603 6.08465 -236.919 26269 4
-26.7375 12.4433 -238.081 27564 4
-13.1451 1.57331 -236.919 31016 4
-26.5236 2.50669 -238.081 31353 4

59 -212.5 -200
-7.54306 -0.563919 -213.081 -31628 6
-17.1898 -2.57505 -211.919 -30633 6
-5.96798 -2.17789 -213.081 -28387 6
-13.6295 -9.72272 -213.081 -25946 6
-14.2836 -12.7244 -211.919 -25048 6
-13.9335 -14.7856 -211.919 -24332 6
-5.69574 -6.76701 -213.081 -23871 6
-3.47897 -5.60028 -213.081 -22661 6
-15.3466 -26.8807 -211.919 -22338 6
-2.4678 -9.13935 -213.081 -19867 6
-1.43719 -10.52 -213.081 -18353 6
2.35467 -27.4181 -213.081 -15088 6
5.06406 -18.2009 -213.081 -12817 6
7.70216 -27.2431 -213.081 -12772 6
9.27724 -27.4958 -213.081 -12250 6
2.29456 -5.26795 -199.419 -11412 7
4.08354 -4.49013 -199.419 -8580 7
12.1145 -11.3933 -199.419 -7940 7
23.1595 -10.7321 -200.581 -5188 7
13.0868 -5.09294 -199.419 -4589 7
7.89485 -2.31224 -199.419 -3711 7
21.1955 0.487904 -199.419 368 7
20.1649 2.14077 -199.419 1572 7
7.9903 0.894489 -200.581 1649 7
27.9431 6.22431 -199.419 2984 7
9.81995 2.25744 -199.419 3062 7
21.4872 6.10764 -199.419 3626 7
31.5599 17.6971 -199.419 5886 7
8.18476 4.97803 -200.581 6196 7
5.79297 3.71408 -200.581 6400 7
8.43755 5.46417 -200.581 6439 7
4.99571 3.57796 -200.581 6837 7
4.76236 3.5261 -200.581 6970 7
4.02344 3.38351 -200.581 7484 7
7.40694 11.1228 -200.581 9834 7
9.66261 14.623 -200.581 9865 7
1.22329 6.18365 -200.581 13678 7
2.15668 14.7396 -200.581 14292 7
1.78721 25.2596 -200.581 15301 7
0.963432 26.4334 -199.419 15807 7
-0.526795 8.47821 -200.581 17342 7
-0.816709 6.90136 -211.919 18117 6
-3.17137 15.7119 -200.581 19135 7
-3.40472 13.1451 -200.581 19754 7
-2.80014 6.78469 -211.919 21170 6
-8.03273 18.5509 -200.581 21334 7
-2.27512 5.09294 -211.919 21443 6
-15.8498 23.879 -200.581 22920 7
-17.5416 25.7263 -200.581 23026 7
-18.9204 18.7436 -213.081 24614 6
-8.22542 7.15415 -211.919 25146 6
-18.2982 15.6713 -213.081 25209 6
-18.2009 15.3407 -213.081 25274 6
-8.49766 5.59852 -211.919 26260 6
-27.5736 18.0242 -213.081 26291 6
-23.3216 10.8682 -213.081 27559 6
-31.4044 12.9878 -213.081 27974 6
-12.0951 1.45664 -211.919 31006 6
-24.2485 2.29279 -211.919 31352 6

55 -137.5 -125
-12.5034 -1.86853 -136.919 -30637 8
-26.6597 -16.3359 -136.919 -26542 8
-9.25426 -6.74757 -138.081 -25859 8
-9.60428 -8.76989 -138.081 -24948 8
-19.0282 -19.2581 -136.919 -24526 8
-9.54594 -9.76161 -138.081 -24484 8
-3.63453 -4.31689 -138.081 -23872 8
-10.9584 -16.8274 -136.919 -22845 8
-11.2501 -19.647 -136.919 -22349 8
-13.1752 -26.3945 -136.919 -21839 8
-1.90388 -6.1642 -138.081 -20250 8
-0.912166 -6.72812 -138.081 -18340 8
1.71297 -20.0871 -138.081 -15096 8
2.08243 -15.1674 -138.081 -14406 8
10.6325 -41.1925 -136.919 -13022 8
3.71585 -13.3785 -138.081 -12822 8
5.58261 -19.9899 -138.081 -12807 8
12.2589 -38.2297 -138.081 -12405 8
12.6089 -37.8019 -138.081 -12285 8
6.78823 -20.1066 -138.081 -12248 8
14.1563 -6.55134 -124.419 -5183 9
9.3727 -3.71231 -124.419 -4648 9
31.2488 0.429568 -125.581 222 9
11.0645 0.235113 -124.419 340 9
14.4674 1.53796 -124.419 1574 9
38.0936 5.75762 -125.581 2151 9
20.0094 4.47422 -124.419 2994 9
6.59023 1.51674 -125.581 3065 9
15.1869 4.35754 -124.419 3652 9
22.6928 12.7191 -124.419 5884 9
5.4624 3.34462 -125.581 6222 9
5.20961 3.32517 -125.581 6383 9
7.19304 7.13648 -125.581 8159 9
16.28 23.1471 -124.419 9618 9
6.97914 10.5394 -125.581 9856 9
3.85491 5.91141 -125.581 9916 9
1.53442 10.6172 -125.581 14315 9
0.691784 17.7342 -125.581 15768 9
-2.27688 11.3172 -125.581 19128 9
-5.81596 13.3785 -125.581 21348 9
-12.134 18.2964 -138.081 22917 8
-13.4368 19.7159 -138.081 23024 8
-18.6482 18.7436 -138.081 24555 8
-13.884 13.7462 -138.081 24616 8
-4.58912 3.98455 -136.919 25153 8
-12.3479 10.4988 -136.919 25239 8
-12.5229 10.596 -136.919 25258 8
-21.7983 16.2157 -138.081 25779 8
-6.26143 4.10122 -136.919 26283 8
-20.2038 13.2211 -138.081 26287 8
-24.8124 14.0702 -138.081 26839 8
-12.9312 6.02632 -136.919 27559 8
-20.0094 8.32088 -138.081 27955 8
-8.82823 1.06773 -136.919 31000 8
-17.7926 1.67054 -136.919 31361 8

60 -62.5 -50
-7.9903 -1.12783 -63.081 -30741 10
-4.95682 -3.69463 -63.081 -25771 10
-16.5392 -14.4356 -61.919 -25132 10
-5.17072 -4.76413 -63.081 -24911 10
-10.3367 -10.5005 -63.081 -24511 10
-8.83813 -11.0294 -63.081 -23672 10
-7.21249 -12.4217 -63.081 -22402 10
-2.94745 -5.75585 -63.081 -21932 10
-5.90257 -35.1839 -61.919 -18737 10
1.07127 -12.7562 -63.081 -15114 10
1.30461 -9.56716 -63.081 -14417 10
3.46306 -12.6979 -63.081 -12873 10
2.10011 -7.64029 -49.419 -12851 11
3.01404 -10.1876 -49.419 -12643 11
5.32982 -16.6647 -63.081 -12413 10
11.131 -33.2128 -63.081 -12271 10
4.29921 -12.7951 -63.081 -12263 10
13.5423 -34.1462 -63.081 -11731 10
6.83183 -13.435 -49.419 -10861 11
8.97908 -17.5787 -63.081 -10844 10
4.03687 -5.8902 -49.419 -9721 11
16.4703 -21.3104 -50.581 -9241 11
19.4649 -18.5492 -50.581 -7994 11
18.9204 -16.9158 -50.581 -7733 11
5.26971 -2.44836 -49.419 -5197 11
5.69751 -2.29279 -49.419 -4701 11
15.4397 -3.97158 -49.419 -3352 11
11.4728 0.124922 -49.419 176 11
8.78934 0.915703 -49.419 1545 11
23.0623 3.52139 -49.419 2170 11
37.9964 8.57721 -50.581 3017 11
12.0173 2.82136 -49.419 3115 11
9.15703 2.68347 -50.581 3713 11
25.0068 12.8033 -49.419 5547 11
13.9795 7.81707 -50.581 5875 11
6.18188 8.84767 -50.581 9645 11
4.25678 6.41699 -50.581 9849 11
6.49301 10.2477 -50.581 10029 11
10.3167 18.6358 -49.419 10545 11
13.0196 25.3056 -49.419 10818 11
2.58448 7.50594 -50.581 12187 11
5.47478 25.8889 -49.419 13524 11
0.931611 6.51422 -50.581 14334 11
0.445477 8.82823 -50.581 15596 11
-1.51674 7.6014 -61.919 19109 10
-1.65286 6.33745 -61.919 19773 10
-13.2636 35.5268 -50.581 20837 11
-3.90853 8.98202 -61.919 21351 10
-19.8426 31.5016 -50.581 22715 11
-7.62261 11.5294 -61.919 22904 10
-8.45877 12.4433 -61.919 23014 10
-11.7645 11.7822 -61.919 24569 10
-8.75045 8.61256 -61.919 24641 10
-13.709 10.2265 -61.919 25767 10
-7.35038 4.95682 -61.919 26169 10
-12.7368 8.32088 -61.919 26293 10
-15.3036 9.56539 -61.919 26466 10
-10.7728 5.99391 -61.919 26910 10
-8.49766 3.57619 -61.919 27915 10
-11.2978 1.04829 -61.919 31376 10

51 -37.5 -25
-6.45412 -0.875042 -38.081 -30811 12
-13.8239 -8.43932 -38.081 -26557 12
-13.5323 -11.7256 -38.081 -25161 12
-7.40694 -7.54483 -38.081 -24500 12
-16.8309 -21.7276 -36.919 -23535 12
-5.87075 -10.1311 -38.081 -22394 12
-4.75529 -28.3974 -36.919 -18734 12
0.876814 -10.3061 -38.081 -15099 12
0.913936 -6.72635 -24.419 -14424 13
2.39179 -8.94313 -24.419 -12926 13
2.78247 -10.2672 -38.081 -12890 12
1.65286 -5.98743 -24.419 -12839 13
1.76953 -5.55963 -24.419 -12428 13
2.9946 -9.00147 -24.419 -12294 13
9.06334 -26.8153 -38.081 -12245 12
10.9366 -27.6514 -38.081 -11740 12
14.7997 -36.0713 -38.081 -11617 12
2.97515 -5.87075 -24.419 -10873 13
8.14764 -14.1934 -24.419 -10408 13
7.33093 -9.17648 -24.419 -9107 13
12.7951 -12.1127 -24.419 -7967 13
14.9341 -13.3184 -25.581 -7723 13
6.51422 -2.13723 -24.419 -4047 13
6.97914 0.738926 -25.581 1568 13
18.1231 2.75654 -24.419 2163 13
29.5182 6.60673 -24.419 2996 13
9.40982 2.3529 -25.581 3277 13
7.16063 2.139 -25.581 3768 13
16.7036 8.51887 -24.419 5533 13
11.0238 6.18365 -25.581 5887 13
28.7404 20.5297 -24.419 6826 13
16.7726 13.0355 -24.419 7164 13
3.36229 5.05581 -25.581 9840 13
11.6844 21.7665 -24.419 10661 13
1.71591 7.35038 -25.581 13283 13
2.21501 11.9589 -25.581 13823 13
0.383957 38.8202 -24.419 16223 13
-1.24451 6.16244 -36.919 19136 12
-10.5477 28.4292 -25.581 20817 13
-3.16961 7.23194 -36.919 21376 12
-15.597 24.6374 -25.581 22735 13
-6.14476 9.3126 -36.919 22897 12
-6.82535 10.0321 -36.919 23017 12
-9.48937 9.50705 -36.919 24568 12
-7.05869 6.9597 -36.919 24633 12
-11.045 8.26254 -36.919 25756 12
-10.2866 6.72635 -36.919 26290 12
-8.61433 5.36517 -36.919 26480 12
-6.04753 3.34285 -36.919 26935 12
-30.3349 4.87904 -38.081 30497 12
-9.10046 0.873278 -36.919 31333 12

41 -12.5 0
-10.5765 -6.43644 -13.081 -26569 14
-10.3626 -8.9449 -13.081 -25177 14
-4.45124 -4.58912 -13.081 -24451 14
-12.8835 -16.5357 -11.919 -23559 14
-4.50957 -7.71984 -13.081 -22425 14
-10.4139 -29.5058 -11.919 -20658 14
-3.69287 -21.915 -13.081 -18746 14
-1.74554 -12.3617 -13.081 -18411 14
0.643468 -7.89485 -13.081 -15149 14
1.75009 -6.51245 0.581 -12913 15
2.17789 -6.55134 0.581 -12296 15
6.88545 -20.4372 -13.081 -12255 14
8.30497 -21.1177 -13.081 -11759 14
8.98556 -21.8761 -13.081 -11613 14
6.43644 -6.06521 0.581 -7948 15
10.7339 -9.58483 0.581 -7728 15
29.032 -13.6489 -0.581 -5239 15
6.08642 -1.9687 0.581 -4004 15
38.327 -2.37058 -0.581 -954 15
34.211 -1.1844 -0.581 -548 15
13.184 1.99168 0.581 2150 15
21.4678 4.75294 0.581 2969 15
6.72635 1.84731 -0.581 3530 15
8.69034 4.4206 -0.581 5524 15
8.04864 4.53078 -0.581 5901 15
17.9199 15.0384 0.581 7475 15
4.30864 18.3954 -0.581 13274 15
0.192685 20.7872 -0.581 16233 15
-7.11232 20.9233 -0.581 20540 15
-2.45012 5.50129 -11.919 21432 14
-4.6669 7.09582 -11.919 22884 14
-4.09651 6.16244 -11.919 22926 14
-5.21138 7.64029 -11.919 23027 14
-7.2337 7.25138 -11.919 24566 14
-5.36694 5.30684 -11.919 24622 14
-22.4984 21.3493 -13.081 24790 14
-8.40043 6.318 -11.919 25735 14
-7.81707 5.11238 -11.919 26289 14
-27.0097 16.0602 -13.081 26658 14
-17.8509 2.83078 -11.919 30525 14
-6.94202 0.659378 -11.919 31346 14

42 12.5 25
-6.92081 -0.913937 11.919 -30856 16
-7.56251 -2.82607 11.919 -28310 16
-7.30972 -4.453 11.919 -26565 16
-7.1736 -6.14476 11.919 -25208 16
-20.4283 -24.9361 13.081 -23761 16
-9.07925 -11.5506 11.919 -23594 16
-3.1095 -5.30861 11.919 -22435 16
-10.8845 -22.1904 13.081 -21775 16
-10.9973 -24.7611 13.081 -21422 16
-8.76105 -29.8947 13.081 -20097 16
-2.56503 -15.148 11.919 -18756 16
0.272236 -6.97914 25.581 -15768 17
4.70756 -14.1368 11.919 -12291 16
3.55851 -10.6543 25.581 -12281 17
5.71873 -14.6035 11.919 -11773 16
4.33633 -11.0432 25.581 -11764 17
11.745 -17.2074 24.419 -9737 17
6.70868 -6.02632 25.581 -7753 17
17.812 -8.3144 25.581 -5213 17
32.1433 -10.4599 24.419 -4022 17
23.6456 -1.43331 25.581 -936 17
8.47644 1.30285 24.419 2182 17
13.4174 2.92506 25.581 2932 17
5.11238 2.86496 24.419 5884 17
7.56251 9.8005 24.419 9247 17
5.28739 7.29204 24.419 9497 17
1.90388 6.47533 24.419 12661 17
6.99152 29.8947 25.581 13278 17
-0.736807 8.98379 24.419 17625 17
-4.20198 13.4757 24.419 20278 17
-19.84 32.1005 24.419 22642 17
-11.3717 18.3586 11.919 22650 16
-7.19481 11.4905 13.081 22692 16
-9.11991 14.2712 13.081 22771 16
-3.2085 4.85959 13.081 22899 16
-3.57796 5.22905 13.081 23040 16
-4.95859 4.97626 13.081 24561 16
-3.69463 3.63453 13.081 24643 16
-15.5758 14.7379 11.919 24802 16
-5.75585 4.33456 13.081 25729 16
-5.36694 3.51786 13.081 26280 16
-18.7065 11.1016 11.919 26666 16

37 37.5 50
-43.2272 -0.00176787 36.919 -32767 18
-17.5787 -2.28985 38.081 -30879 18
-19.2121 -7.1901 38.081 -28306 18
-7.46528 -3.86964 36.919 -27174 18
-3.9651 -3.40295 36.919 -25201 18
-11.5488 -14.0202 36.919 -23784 18
-5.0346 -6.33921 36.919 -23636 18
-4.14011 -6.3781 36.919 -22832 18
-2.81782 -5.21138 36.919 -22133 18
-2.05945 -5.23082 36.919 -21012 18
-4.93737 -16.8592 36.919 -20095 18
-1.40479 -8.36153 36.919 -18740 18
0.351786 -9.54771 36.919 -15801 18
0.351787 -8.26431 36.919 -15715 18
7.1342 -45.0871 38.081 -14145 18
4.60857 -6.84303 50.581 -9790 19
7.15592 -3.44007 50.581 -5319 19
19.6127 -6.97526 50.581 -4298 19
9.5866 -0.581596 50.581 -937 19
9.25603 0.345303 50.581 589 19
6.72635 1.14728 49.419 2387 19
12.5794 11.395 49.419 7787 19
13.9406 12.9895 49.419 7902 19
14.4391 13.5022 50.581 7917 19
9.80521 13.4174 49.419 9466 19
2.4678 6.26143 49.419 11752 19
3.64749 11.9784 49.419 12559 19
4.31512 20.5538 49.419 13541 19
1.16496 6.35866 49.419 13847 19
0.147314 10.8117 49.419 16163 19
-2.70468 22.9262 49.419 18112 19
-2.74181 9.29315 38.081 20116 18
-10.2866 16.5269 38.081 22669 18
-4.87432 7.79585 38.081 22687 18
-8.26431 7.8153 38.081 24804 18
-9.93662 5.90965 38.081 26657 18
-7.50594 1.30108 38.081 30347 18

30 62.5 75
-27.807 -3.65103 63.081 -30866 20
-30.296 -11.3255 63.081 -28309 20
-11.7822 -6.1642 61.919 -27140 20
-4.25678 -3.61685 61.919 -25241 20
-13.7391 -20.9109 63.081 -22880 20
-9.0598 -16.5092 61.919 -22189 20
-4.91404 -8.95657 61.919 -22188 20
-3.28451 -8.32265 61.919 -21020 20
-1.18996 -8.88379 61.919 -18319 20
0.585131 -15.2258 61.919 -15777 20
0.54624 -13.1646 61.919 -15731 20
0.952826 -6.33744 75.581 -14242 21
9.85884 -12.0544 75.581 -9012 21
3.67519 -3.77065 75.581 -8297 21
6.66979 -5.44296 75.581 -7362 21
26.8128 -8.46429 74.419 -3931 21
13.4174 0.487904 75.581 574 21
8.55599 0.941631 75.581 1624 21
14.0785 2.31577 75.581 2314 21
7.11526 1.80843 74.419 3320 21
6.318 3.73352 74.419 6085 21
17.9004 15.9523 75.581 7720 21
14.5363 19.8998 75.581 9467 21
3.63453 9.13935 74.419 11722 21
5.38462 17.4231 74.419 12515 21
2.27335 12.8729 74.419 13924 21
0.231578 15.7314 74.419 16146 21
-14.4886 22.8289 74.419 22745 21
-7.33093 2.82754 63.081 28207 20
-11.8423 2.02056 63.081 30379 20

46 87.5 100
-37.5297 -4.97332 86.919 -30850 22
-34.715 -4.71242 86.919 -30809 22
-16.2758 -8.63554 88.081 -27088 22
-5.87075 -4.95858 86.919 -25266 22
-8.79146 -14.2341 86.919 -22639 22
-15.6058 -28.3391 88.081 -22202 22
-7.9203 -19.0565 86.919 -21194 22
-8.41752 -20.2498 88.081 -21194 22
-4.52902 -11.4339 86.919 -21032 22
-4.83237 -19.0176 86.919 -19703 22
0.701803 -18.0648 86.919 -15771 22
0.818476 -20.9038 86.919 -15766 22
1.55564 -7.48472 100.581 -13564 23
2.81959 -6.1041 100.581 -11207 23
14.8563 -15.1851 99.419 -8281 23
8.06986 -6.60968 100.581 -7377 23
9.95606 -8.14587 100.581 -7372 23
5.05581 -3.7512 100.581 -6978 23
9.68383 -2.90857 100.581 -3784 23
22.5762 -3.65397 100.581 -2282 23
8.28376 -0.212132 100.581 -409 23
17.6176 0.643467 100.581 577 23
12.8145 1.36295 100.581 1575 23
21.04 3.44361 100.581 2304 23
8.41811 2.25567 99.419 3462 23
14.7591 4.66867 100.581 3937 23
22.9651 8.88833 100.581 4571 23
19.9899 10.1134 100.581 5504 23
6.35689 3.64278 99.419 5968 23
8.34032 4.90025 99.419 6063 23
22.9757 20.3276 100.581 7691 23
18.8921 26.1223 100.581 9507 23
2.93449 5.87252 99.419 10924 23
4.76237 11.9784 99.419 11723 23
2.35113 5.98919 99.419 11765 23
7.26375 23.0499 100.581 12458 23
2.11778 7.15592 99.419 12642 23
3.25858 13.7674 99.419 13248 23
3.25858 19.3677 99.419 14024 23
0.34825 20.6705 99.419 16112 23
-2.89914 10.3061 99.419 19981 23
-1.88621 6.64857 88.081 20004 22
-11.1129 29.1293 99.419 20908 23
-17.036 27.2431 99.419 22687 23
-10.2089 12.7155 88.081 23680 22
-16.198 2.75948 88.081 30383 22

42 112.5 125
-20.5733 -10.9107 113.081 -27090 24
-7.42639 -6.31977 111.919 -25235 24
-5.71519 -14.5646 111.919 -21001 24
-1.86499 -7.83651 111.919 -19533 24
0.837922 -22.9456 111.919 -15806 24
1.11016 -26.5625 111.919 -15726 24
1.57685 -10.9283 111.919 -14318 24
5.71224 -16.6453 111.919 -12197 24
4.90025 -10.9849 125.581 -11329 25
13.4368 -10.8877 125.581 -7333 25
14.2924 -11.5099 125.581 -7308 25
4.76413 -3.80954 125.581 -7279 25
6.70868 -4.97626 125.581 -6977 25
17.0731 -5.08645 125.581 -3760 25
38.6381 -6.25966 124.419 -2284 25
11.045 -0.251022 125.581 -364 25
21.7789 0.786068 125.581 570 25
8.96435 0.624023 125.581 1066 25
17.0342 1.74538 125.581 1522 25
28.0209 4.59089 125.581 2306 25
9.95606 2.47134 125.581 3258 25
25.9597 8.24663 125.581 3949 25
11.3544 6.51422 124.419 5972 25
10.3432 6.08642 124.419 6069 25
29.946 22.0723 125.581 6952 25
3.5373 3.86964 124.419 8559 25
3.63453 7.11703 124.419 10845 25
5.87723 14.8563 124.419 11739 25
2.91505 7.40871 124.419 11757 25
9.03329 28.4752 125.581 12438 25
2.79838 9.5866 124.419 12682 25
6.01277 25.1695 125.581 13224 25
6.93318 38.5479 125.581 13886 25
4.31453 26.1417 125.581 14062 25
0.419549 25.6291 124.419 16120 25
-5.13536 18.3759 124.419 19962 25
-3.88437 13.4951 124.419 20045 25
-19.35 31.5794 124.419 22608 25
-4.39467 5.96798 113.081 23332 24
-6.42672 7.33888 113.081 24033 24
-10.4811 4.31512 113.081 27989 24
-20.4955 3.47897 113.081 30390 24

56 137.5 150
-24.7929 -13.2636 138.081 -27057 26
-5.28739 -3.01404 136.919 -26819 26
-5.4624 -3.57796 136.919 -26283 26
-9.02091 -7.68095 136.919 -25233 26
-5.28739 -4.64746 136.919 -25103 26
-6.9597 -17.6759 136.919 -21012 26
-2.04 -7.2337 136.919 -19988 26
-2.93449 -12.2506 136.919 -19550 26
-1.67054 -9.46993 136.919 -18840 26
-0.503815 -7.48649 136.919 -17417 26
0.981112 -28.0668 138.081 -15830 26
0.97404 -27.8264 136.919 -15829 26
1.3765 -32.4809 138.081 -15717 26
0.563917 -7.34861 150.581 -15216 27
2.03057 -14.0785 136.919 -14318 26
2.29633 -11.1033 136.919 -13576 26
2.17789 -7.56251 150.581 -12720 27
8.95315 -26.0569 136.919 -12194 26
5.8354 -13.2423 136.919 -11372 26
16.7036 -13.5323 149.419 -7332 27
20.2038 -16.2546 149.419 -7304 27
5.69751 -4.54847 150.581 -7273 27
8.36154 -6.20133 150.581 -6976 27
24.1123 -7.19953 149.419 -3767 27
6.8059 -1.2233 150.581 -2496 27
8.82823 -0.445477 150.581 -787 27
13.7868 -0.309361 150.581 -359 27
25.9597 0.93515 150.581 569 27
12.7951 0.876812 150.581 1050 27
21.3122 2.16021 150.581 1507 27
7.1347 0.972271 149.419 1964 27
34.5934 5.67983 149.419 2310 27
11.7062 2.12132 150.581 2513 27
37.1797 11.8311 150.581 3955 27
16.9953 9.22539 150.581 5764 27
16.3713 9.35326 149.419 5957 27
12.3461 7.27259 149.419 6073 27
4.21789 4.61505 149.419 8560 27
4.37346 8.32264 149.419 10740 27
3.42063 6.90313 149.419 10955 27
6.99859 17.7148 149.419 11744 27
3.47897 8.82823 149.419 11752 27
10.7963 33.9199 150.581 12428 27
2.87616 11.8423 149.419 13182 27
8.63142 36.1367 150.581 13225 27
6.50538 32.8699 150.581 13677 27
0.418962 30.7892 150.581 16164 27
-7.42992 26.5041 149.419 19971 27
-5.55668 19.4454 149.419 20025 27
-2.17789 6.24022 138.081 20622 26
-6.82535 9.25426 138.081 23338 26
-10.0727 11.3349 138.081 24093 26
-3.92798 3.3234 138.081 25259 26
-6.63089 4.58735 138.081 26068 26
-16.2758 6.64857 138.081 28016 26
-24.5985 4.15955 136.919 30398 26

58 162.5 175
-6.12354 -2.21678 161.919 -28413 28
-5.30684 -2.17789 161.919 -28000 28
-29.0515 -15.4998 163.081 -27067 28
-6.02632 -3.40295 161.919 -26855 28
-7.40694 -4.86136 161.919 -26275 28
-10.596 -9.02268 161.919 -25232 28
-7.19304 -6.31977 161.919 -25105 28
-3.1095 -5.81419 161.919 -22093 28
-8.25547 -20.9304 163.081 -21018 28
-2.50669 -8.86712 161.919 -19994 28
-3.95538 -16.6745 161.919 -19525 28
-1.37886 -6.33921 161.919 -19311 28
-2.31224 -12.9507 161.919 -18866 28
-0.426032 -10.0144 161.919 -17052 28
1.13667 -32.8893 163.081 -15836 28
1.6617 -38.159 163.081 -15700 28
0.662913 -8.34209 161.919 -15177 28
2.49078 -17.2481 161.919 -14316 28
2.82136 -13.5729 161.919 -13564 28
2.83903 -9.85707 175.581 -12720 29
12.2329 -35.5074 161.919 -12185 28
8.09107 -18.2204 161.919 -11345 28
20.2233 -16.2741 174.419 -7305 29
6.592 -5.28739 175.581 -7292 29
9.99495 -7.44583 175.581 -6994 29
4.47245 -2.77893 175.581 -6278 29
31.5016 -9.40334 174.419 -3766 29
7.93374 -1.41775 175.581 -2483 29
11.5311 -0.581596 175.581 -786 29
16.5481 -0.38714 175.581 -374 29
29.946 1.11016 174.419 585 29
16.6453 1.14905 175.581 1057 29
25.5902 2.54912 175.581 1484 29
9.41159 1.30461 175.581 1994 29
12.9896 1.92686 175.581 2116 29
41.5743 6.78823 174.419 2299 29
7.83474 1.36118 174.419 2425 29
27.1069 8.78462 175.581 4010 29
21.6039 12.3302 175.581 5953 29
14.349 8.41987 174.419 6058 29
4.91793 5.36694 174.419 8549 29
5.11238 9.52826 174.419 10662 29
4.50957 9.00324 174.419 10916 29
4.06233 10.2672 174.419 11739 29
8.11935 20.7942 175.581 11783 29
1.78721 6.70868 174.419 12937 29
2.05945 13.8257 174.419 14259 29
0.399515 35.7089 175.581 16202 29
-9.74393 34.6129 174.419 19983 29
-7.25492 25.3957 174.419 20024 29
-2.48902 7.40694 163.081 20504 28
-9.23658 12.5211 163.081 23339 28
-13.5535 15.1268 161.919 24126 28
-4.62801 3.86787 163.081 25308 28
-21.8081 8.89452 161.919 28021 28
-6.76701 1.80666 163.081 29315 28
-7.97263 1.6122 163.081 30012 28
-28.8959 4.87904 161.919 30401 28

59 187.5 200
-7.01803 -2.5668 186.919 -28380 30
-9.62372 -3.73352 186.919 -28188 30
-6.318 -2.5668 186.919 -28034 30
-33.31 -17.7749 188.081 -27067 30
-4.87904 -2.60569 186.919 -27064 30
-6.78469 -3.81131 186.919 -26874 30
-9.33204 -6.1642 186.919 -26250 30
-12.1905 -10.3839 186.919 -25231 30
-9.0987 -7.99207 186.919 -25106 30
-3.94565 -7.35038 186.919 -22106 30
-9.44813 -24.0416 188.081 -21006 30
-2.95394 -10.4811 186.919 -19986 30
-5.01515 -21.0983 186.919 -19530 30
-1.72888 -8.01152 186.919 -19292 30
-2.93449 -16.3731 186.919 -18874 30
-0.270468 -12.5812 186.919 -16728 30
1.33113 -37.7507 188.081 -15825 30
1.93394 -43.876 188.081 -15692 30
0.837923 -10.5783 186.919 -15181 30
2.93803 -20.3788 186.919 -14319 30
3.32694 -16.1008 186.919 -13578 30
3.15193 -10.9089 186.919 -12711 30
10.269 -23.354 186.919 -11380 30
6.30032 -5.77353 200.581 -7834 31
23.6457 -18.9964 199.419 -7298 31
7.54483 -6.00687 200.581 -7262 31
11.6284 -8.69034 200.581 -7007 31
4.33633 -3.18728 200.581 -6940 31
5.5225 -3.44007 200.581 -6288 31
9.04213 -1.63165 200.581 -2504 31
14.1563 -0.717712 200.581 -790 31
19.3288 -0.445478 200.581 -369 31
34.1267 1.28517 199.419 594 31
20.5149 1.40184 200.581 1047 31
29.8779 2.98664 200.581 1488 31
13.9813 1.59629 200.581 1678 31
11.6089 1.59629 200.581 1980 31
32.8239 5.1937 199.419 2238 31
9.76161 1.70649 200.581 2437 31
26.6014 15.1498 200.581 5945 31
16.3713 9.5866 199.419 6050 31
5.59852 6.12531 199.419 8560 31
5.83186 10.7144 199.419 10609 31
5.61796 11.1228 199.419 10885 31
4.66514 11.6867 199.419 11709 31
9.2083 23.7499 200.581 11806 31
2.21501 8.26431 199.419 12920 31
1.30108 15.8286 199.419 15139 31
0.418961 40.6286 200.581 16216 31
-8.92722 31.346 199.419 20015 31
-2.76125 8.65145 188.081 20348 30
-3.11127 4.52902 188.081 23055 30
-11.57 15.6324 186.919 23352 30
-17.0925 19.1325 186.919 24114 30
-5.3086 4.47068 188.081 25277 30
-29.2654 10.9266 186.919 28313 30
-8.57544 2.29279 188.081 29311 30
-10.0727 2.00111 188.081 30052 30
-33.1934 5.63741 186.919 30389 30

62 212.5 225
-6.94025 -1.63342 211.919 -29646 32
-5.98743 -1.80843 211.919 -28967 32
-7.95142 -2.87793 211.919 -28413 32
-10.8877 -4.21966 211.919 -28191 32
-7.29027 -2.99459 211.919 -27997 32
-4.97626 -2.31401 211.919 -27567 32
-5.65685 -2.99459 211.919 -27096 32
-7.52362 -4.23911 211.919 -26863 32
-11.2571 -7.50594 211.919 -26213 32
-13.785 -11.745 211.919 -25230 32
-11.0043 -9.66438 211.919 -25107 32
-4.76236 -8.86712 211.919 -22108 32
-10.6667 -27.1529 213.081 -21004 32
-3.40118 -12.0951 211.919 -19980 32
-1.68999 -6.8059 211.919 -19643 32
-6.11647 -25.7139 213.081 -19532 32
-2.07889 -9.68383 211.919 -19279 32
-3.58267 -19.7955 211.919 -18894 32
-0.0565681 -15.0508 211.919 -16445 32
1.50614 -42.5926 213.081 -15824 32
1.03238 -12.7951 211.919 -15160 32
0.913936 -6.37634 225.581 -14330 33
3.38527 -23.5484 211.919 -14324 32
3.83252 -18.5509 211.919 -13578 32
3.81307 -13.2035 211.919 -12712 32
12.408 -28.5653 211.919 -11422 32
8.43932 -6.7458 225.581 -7278 33
13.2812 -9.9543 225.581 -7019 33
5.0947 -3.79009 225.581 -6989 33
6.53367 -4.06233 225.581 -6281 33
17.8898 -9.61076 224.419 -5725 33
10.1116 -1.80666 225.581 -2483 33
16.7231 -0.795496 225.581 -743 33
22.1289 -0.523258 225.581 -378 33
38.327 1.44073 224.419 593 33
24.3651 1.63519 225.581 1030 33
14.7396 1.3435 225.581 1368 33
33.9128 3.36583 224.419 1479 33
40.7187 4.09179 224.419 1496 33
13.8063 1.88798 225.581 1970 33
11.6089 2.02409 225.581 2432 33
31.5988 17.9693 225.581 5939 33
18.4537 10.8134 225.581 6053 33
6.27911 6.88368 224.419 8568 33
6.57079 11.8812 224.419 10549 33
6.70691 13.2229 224.419 10870 33
5.2485 13.1257 224.419 11703 33
10.2908 26.7251 225.581 11829 33
2.62337 9.83939 224.419 12935 33
0.542704 17.8315 224.419 15900 33
0.399515 45.5872 225.581 16241 33
-10.5801 37.2769 224.419 20006 33
-3.03526 10.5589 224.419 20042 33
-2.95571 9.97374 213.081 20129 32
-3.61685 5.19016 213.081 23112 32
-14.0007 18.9186 211.919 23352 32
-20.5927 23.0216 211.919 24119 32
-6.02809 5.0346 213.081 25311 32
-5.98919 2.50669 213.081 27933 32
-10.345 2.81782 213.081 29260 32
-12.134 2.45484 213.081 30011 32
-37.4519 6.35689 211.919 30390 32

58 237.5 250
-8.12642 -1.88621 236.919 -29681 34
-6.78469 -2.02232 236.919 -29005 34
-8.84591 -3.22794 236.919 -28387 34
-12.1728 -4.71404 238.081 -28194 34
-8.28199 -3.36406 236.919 -28035 34
-5.85131 -2.72236 236.919 -27565 34
-6.37633 -3.40295 236.919 -27066 34
-8.26254 -4.6669 236.919 -26854 34
-13.2211 -8.80878 236.919 -26216 34
-15.4308 -13.1716 238.081 -25223 34
-12.9294 -11.3561 236.919 -25106 34
-5.59851 -10.4033 236.919 -22116 34
-11.8918 -30.2836 238.081 -21003 34
-3.86787 -13.7285 236.919 -19985 34
-1.98167 -7.99207 236.919 -19639 34
-7.14708 -30.1669 238.081 -19522 34
-2.42891 -11.3561 236.919 -19270 34
-4.2886 -23.3416 238.081 -18927 34
0.0989952 -17.4231 236.919 -16291 34
1.64874 -47.4539 238.081 -15833 34
1.22683 -15.0119 236.919 -15146 34
0.991717 -7.11526 250.581 -14379 35
3.81307 -26.6986 236.919 -14336 34
4.3381 -21.0789 236.919 -13587 34
4.44181 -15.4786 236.919 -12730 34
14.5923 -33.7184 236.919 -11435 34
9.35325 -7.46528 250.581 -7272 35
14.8952 -11.2571 250.581 -7052 35
5.89197 -4.43179 250.581 -7033 35
7.58372 -4.72347 250.581 -6288 35
11.2395 -2.00111 250.581 -2476 35
29.207 -1.53442 249.419 -817 35
19.3288 -0.860313 250.581 -698 35
24.8513 -0.601042 250.581 -386 35
7.62261 -0.0176773 250.581 -37 35
42.4688 1.61574 249.419 600 35
28.2153 1.86853 250.581 1017 35
15.0508 1.42128 250.581 1413 35
38.1519 3.75474 249.419 1467 35
45.8523 6.01041 249.419 1898 35
15.9647 2.17966 250.581 1968 35
13.4562 2.31577 250.581 2405 35
20.4177 11.9996 250.581 6064 35
6.9597 7.64206 249.419 8574 35
7.32916 13.0673 249.419 10496 35
7.8153 15.3424 249.419 10854 35
5.82538 14.5452 249.419 11698 35
11.3473 29.6614 250.581 11850 35
3.07061 11.4145 249.419 12910 35
-0.25456 19.7955 249.419 16592 35
-3.17137 11.9006 249.419 19831 35
-2.81959 4.47068 238.081 22720 34
-4.08354 5.8902 238.081 23092 34
-16.4119 22.1855 236.919 23350 34
-6.68923 5.61796 238.081 25289 34
-6.98091 2.99283 238.081 27851 34
-12.1534 3.30396 238.081 29265 34
-14.1952 2.93449 238.081 29961 34

63 262.5 275
-9.41159 -2.16021 263.081 -29709 36
-9.33204 -2.15844 261.919 -29690 36
-7.56251 -2.25567 261.919 -29003 36
-9.75984 -3.55851 261.919 -28390 36
-13.4562 -5.1937 263.081 -28205 36
-13.3396 -5.15481 263.081 -28201 36
-9.23481 -3.77242 261.919 -28016 36
-6.70691 -3.11127 261.919 -27576 36
-7.13471 -3.77242 261.919 -27101 36
-9.00147 -5.09471 261.919 -26846 36
-15.1462 -10.1505 261.919 -26193 36
-6.66801 -4.7058 261.919 -25989 36
-4.25678 -3.3835 261.919 -25512 36
-17.0254 -14.5328 263.081 -25223 36
-14.9058 -13.1133 263.081 -25100 36
-13.2141 -14.4939 263.081 -24197 36
-6.41522 -11.9589 261.919 -22104 36
-2.42891 -5.05581 261.919 -21700 36
-13.0974 -33.3949 263.081 -20999 36
-4.29567 -15.323 261.919 -19971 36
-2.27335 -9.17825 261.919 -19636 36
-8.21658 -34.5811 263.081 -19529 36
-2.77893 -13.0284 261.919 -19264 36
-4.9303 -26.7834 263.081 -18931 36
0.241595 -19.8343 261.919 -16186 36
1.42128 -17.2287 261.919 -15135 36
1.0695 -7.77641 275.581 -14403 37
4.27977 -29.8487 261.919 -14329 36
4.86313 -23.5484 261.919 -13579 36
5.09647 -17.7537 261.919 -12729 36
2.41123 -5.30684 275.581 -11265 37
10.2672 -8.18476 275.581 -7267 37
6.68923 -5.07349 275.581 -7066 37
16.4508 -12.4239 274.419 -7049 37
8.63377 -5.38462 275.581 -6293 37
12.3479 -2.21501 275.581 -2492 37
21.9345 -0.951057 275.581 -680 37
27.4958 -0.678823 274.419 -394 37
11.2589 -0.101942 275.581 -147 37
8.36154 -0.0176773 275.581 -34 37
46.6496 1.79075 274.419 605 37
31.8711 2.02409 274.419 978 37
42.4299 4.14365 274.419 1457 37
15.3036 1.82964 275.581 1749 37
18.1426 2.45189 275.581 1950 37
15.3619 2.66579 275.581 2422 37
22.44 13.1663 275.581 6058 37
7.64029 8.40043 274.419 8580 37
8.12642 14.2535 274.419 10434 37
8.92369 17.3842 274.419 10826 37
6.41523 15.9647 274.419 11687 37
12.4168 32.6365 275.581 11868 37
3.51786 12.9896 274.419 12892 37
-0.993485 21.7789 274.419 17098 37
-3.21027 12.7951 274.419 19670 37
-3.22794 5.11238 263.081 22725 36
-4.55023 6.59024 263.081 23075 36
-18.8426 25.4718 261.919 23350 36
-7.40871 6.18188 263.081 25315 36
-7.97263 3.47897 263.081 27790 36
-13.9424 3.80954 263.081 29252 36
-16.305 3.39146 263.081 29946 36
-7.91429 0.0760155 263.081 32612 36

66 312.5 325
-7.1736 -1.40007 311.919 -30092 38
-11.7839 -2.74357 313.081 -29673 38
-9.19592 -2.72236 311.919 -29025 38
-11.6478 -4.24087 313.081 -28394 38
-15.7702 -6.06874 313.081 -28215 38
-15.9258 -6.18542 313.081 -28184 38
-11.2377 -4.56968 311.919 -28031 38
-8.37922 -3.92798 311.919 -27538 38
-8.65145 -4.58912 311.919 -27089 38
-10.4599 -5.93086 311.919 -26839 38
-7.91252 -5.56139 311.919 -26005 38
-5.15127 -4.12243 311.919 -25484 38
-24.6674 -20.4481 313.081 -25342 38
-20.2533 -17.2163 313.081 -25239 38
-18.7171 -16.4579 313.081 -25102 38
-15.742 -16.6329 313.081 -24350 38
-15.4503 -16.6913 313.081 -24259 38
-3.71231 -4.08354 311.919 -24185 38
-8.0292 -15.0119 311.919 -22093 38
-2.81782 -5.91141 311.919 -21672 38
-2.11778 -6.76701 311.919 -20289 38
-5.20961 -18.5704 311.919 -19973 38
-2.81782 -11.5117 311.919 -19605 38
-3.46924 -16.3828 311.919 -19247 38
-6.33037 -33.5504 313.081 -18984 38
0.526794 -24.7346 311.919 -16042 38
1.81019 -21.6622 311.919 -15120 38
1.1685 -8.76989 311.919 -14457 38
5.18132 -36.3117 313.081 -14338 38
5.89373 -28.5459 311.919 -13580 38
6.37987 -22.3039 311.919 -12739 38
2.83903 -6.25318 325.581 -11268 39
4.14188 -3.9651 325.581 -8013 39
12.134 -9.66261 325.581 -7263 39
19.7177 -14.9907 324.419 -7076 39
8.28376 -6.27911 325.581 -7064 39
10.695 -6.66802 325.581 -6292 39
14.5452 -2.58447 325.581 -2471 39
27.0097 -1.12607 324.419 -655 39
33.0184 -0.834386 324.419 -403 39
9.85884 -0.0371227 325.581 -61 39
39.5131 2.39356 324.419 935 39
6.5319 0.79726 324.419 1782 39
22.5178 3.0547 325.581 1957 39
19.1732 3.36583 325.581 2446 39
6.00687 1.32229 324.419 2955 39
15.8286 4.22143 325.581 3449 39
36.8297 15.7137 325.581 4899 39
26.4263 15.5192 325.581 6061 39
9.02091 9.89773 324.419 8571 39
9.64317 16.6647 324.419 10378 39
11.1723 21.5915 325.581 10797 39
7.56251 18.8232 324.419 11688 39
4.37346 16.1008 324.419 12884 39
-2.51023 25.7846 324.419 17837 39
-3.32694 14.2341 324.419 19487 39
-3.09182 5.20961 313.081 22486 38
-4.04465 6.47356 313.081 22684 38
-5.5225 7.95142 313.081 23099 38
-3.65574 3.98455 313.081 24223 38
-8.76989 7.30972 313.081 25319 38
-9.99495 4.41235 313.081 27750 38
-17.5301 4.81098 313.081 29239 38
-16.5189 3.79982 313.081 29704 38
-20.3788 4.37346 313.081 29873 38
-9.62549 0.114906 313.081 32574 38

81 387.5 400
-7.95318 -0.312895 388.081 -32147 40
-9.10046 -1.7713 388.081 -30098 40
-15.3813 -3.54084 388.081 -29702 40
-11.5895 -3.40472 388.081 -29047 40
-6.51245 -2.29456 386.919 -28499 40
-14.3702 -5.25204 388.081 -28382 40
-19.426 -7.46881 388.081 -28218 40
-19.6982 -7.62438 388.081 -28196 40
-14.2341 -5.77706 388.081 -28038 40
-10.946 -5.14656 386.919 -27528 40
-10.9071 -5.75585 386.919 -27108 40
-12.6767 -7.17537 386.919 -26846 40
-24.8707 -16.686 388.081 -26189 40
-9.7404 -6.84479 386.919 -26006 40
-9.81818 -6.92257 386.919 -25992 40
-6.51245 -5.17249 386.919 -25515 40
-24.998 -21.222 388.081 -25245 40
-24.4146 -21.4554 388.081 -25104 40
-4.179 -3.69463 386.919 -25079 40
-18.8532 -20.2498 388.081 -24283 40
-4.70403 -5.15304 386.919 -24202 40
-16.5976 -21.8054 388.081 -23465 40
-10.55 -19.7247 388.081 -22093 40
-2.74004 -5.67807 386.919 -21716 40
-3.36229 -7.15592 386.919 -21621 40
-2.74004 -8.86712 386.919 -20251 40
-6.62206 -23.5749 388.081 -19976 40
-3.69286 -15.0313 386.919 -19615 40
-4.52902 -21.39 386.919 -19246 40
1.03945 -32.3254 388.081 -15873 40
2.43245 -28.2737 386.919 -15086 40
1.38239 -10.8117 386.919 -14526 40
6.56195 -45.7816 388.081 -14330 40
7.45644 -36.0978 388.081 -13579 40
8.30497 -29.1682 386.919 -12752 40
11.1634 -30.9766 386.919 -12043 40
3.44184 -7.65973 400.581 -11304 41
5.32805 -5.11238 400.581 -8022 41
14.8758 -11.8988 400.581 -7281 41
10.6172 -8.22365 400.581 -7151 41
24.8124 -18.5297 399.419 -7004 41
13.8063 -8.61256 400.581 -6294 41
6.20309 -1.63165 400.581 -3412 41
17.8509 -3.16784 400.581 -2469 41
34.7879 -1.43719 399.419 -650 41
41.2827 -1.12607 399.419 -435 41
12.0951 -0.0565681 400.581 -76 41
8.45876 1.05182 400.581 1811 41
29.1001 3.95891 400.581 1962 41
24.8513 4.45477 400.581 2490 41
7.40694 1.63342 399.419 2960 41
16.6453 7.68271 400.581 5174 41
32.4544 19 400.581 6049 41
5.0346 3.46128 399.419 6674 41
4.37346 3.03349 399.419 6710 41
11.0627 12.134 399.419 8570 41
3.59564 4.278 399.419 8901 41
12.0279 20.347 400.581 10297 41
11.8334 20.2822 400.581 10347 41
14.478 27.814 400.581 10775 41
2.35113 5.36694 399.419 11392 41
9.32497 23.2055 400.581 11687 41
5.69574 20.8455 399.419 12867 41
0.795494 8.0893 399.419 14917 41
-0.332341 9.13935 399.419 16958 41
-1.01116 7.64029 388.081 18298 40
-4.81186 31.8198 400.581 18536 41
-4.80479 31.735 399.419 18538 41
-1.38063 8.28199 388.081 18724 40
-3.6964 16.198 399.419 19428 41
-3.88909 6.55134 388.081 22487 40
-5.28916 8.41811 388.081 22706 40
-7.0198 10.0321 388.081 23128 40
-4.51134 4.91793 388.081 24222 40
-10.7728 9.00147 388.081 25309 40
-12.9507 5.81242 388.081 27692 40
-22.8289 6.35689 386.919 29199 40
-20.3659 4.72347 388.081 29683 40
-20.2621 4.64569 388.081 29712 40
-26.3875 5.71519 386.919 29851 40
-12.1145 0.13435 388.081 32588 40

79 487.5 500
-10.1894 -0.371231 488.081 -32192 42
-11.6089 -2.21855 488.081 -30139 42
-20.1455 -4.64923 488.081 -29695 42
-14.7202 -4.24087 488.081 -29103 42
-8.53478 -2.99459 486.919 -28512 42
-18.0454 -6.59377 488.081 -28383 42
-24.2873 -9.2578 488.081 -28246 42
-24.7151 -9.53003 488.081 -28208 42
-18.1815 -7.35214 488.081 -28050 42
-14.3702 -6.72989 488.081 -27542 42
-5.94854 -3.09182 486.919 -27164 42
-13.9406 -7.38926 486.919 -27092 42
-15.6129 -8.82823 486.919 -26850 42
-12.2294 -8.63377 486.919 -25987 42
-12.3072 -8.71156 486.919 -25977 42
-8.37922 -6.57256 486.919 -25565 42
-5.50129 -4.86136 486.919 -25081 42
-6.04576 -6.57256 486.919 -24233 42
-4.26974 -4.74469 486.919 -24144 42
-13.7974 -25.8501 488.081 -22085 42
-3.51785 -7.2337 486.919 -21744 42
-4.14011 -8.86712 486.919 -21598 42
-3.59564 -11.6673 486.919 -20243 42
-8.44993 -30.1475 488.081 -19970 42
-4.87904 -19.7177 486.919 -19633 42
-5.94147 -28.1835 488.081 -19236 42
1.79782 -42.5342 488.081 -15719 42
3.25623 -37.1867 488.081 -15064 42
1.73241 -13.5729 486.919 -14529 42
10.8983 -38.3729 488.081 -12760 42
4.25855 -9.5265 500.581 -11322 43
3.15016 -4.95682 500.581 -10017 43
6.96147 -6.66802 500.581 -8015 43
18.5121 -14.7962 499.419 -7278 43
13.7285 -10.7127 500.581 -7181 43
17.9092 -11.1599 499.419 -6289 43
7.71984 -2.05945 500.581 -3450 43
22.2456 -3.98455 500.581 -2488 43
15.1091 -0.0760136 500.581 -82 43
11.0061 1.3435 500.581 1782 43
37.7047 5.05758 499.419 1937 43
32.5322 5.91318 500.581 2519 43
9.25603 2.00465 500.581 2916 43
15.0897 4.18254 500.581 3555 43
17.5009 6.67155 500.581 4521 43
27.2495 11.8051 500.581 4952 43
18.0171 12.3355 500.581 6658 43
6.55134 4.51134 499.419 6681 43
5.55963 3.90853 499.419 6763 43
13.8363 15.1551 500.581 8564 43
4.70403 5.54195 499.419 8861 43
15.3336 25.2084 500.581 10187 43
3.12895 5.91141 499.419 10713 43
3.01228 6.96146 499.419 11435 43
11.6584 28.9224 500.581 11677 43
1.96222 6.76701 499.419 12701 43
7.57488 27.1723 500.581 12812 43
1.00939 10.2477 499.419 14914 43
1.1844 12.6784 499.419 14984 43
0.484368 15.5563 499.419 15889 43
0.367694 15.5175 499.419 16004 43
-0.779586 8.88656 499.419 17705 43
-1.3435 10.3061 499.419 18273 43
-7.80646 39.7147 500.581 19075 43
-5.73817 19.2121 499.419 20152 43
-3.19082 10.52 499.419 20196 43
-4.99748 8.43755 488.081 22478 42
-6.92258 11.0627 488.081 22690 42
-8.96435 12.7933 488.081 23134 42
-5.69751 6.18188 488.081 24241 42
-13.534 11.296 488.081 25314 42
-5.5614 3.40118 488.081 26550 42
-16.8786 7.64029 488.081 27662 42
-29.946 8.41811 486.919 29172 42
-25.5124 5.85131 486.919 29711 42
-25.2402 5.57907 486.919 29802 42
-34.4962 7.36805 486.919 29884 42
-6.76701 0.717714 488.081 31196 42
-15.5952 0.212132 488.081 32548 42

73 587.5 600
-12.3187 -0.400398 588.081 -32252 44
-14.1368 -2.68524 588.081 -30152 44
-24.9485 -5.71873 588.081 -29712 44
-17.9287 -5.07703 588.081 -29152 44
-10.5765 -3.75297 586.919 -28476 44
-21.6622 -7.95495 588.081 -28367 44
-29.7126 -11.494 588.081 -28197 44
-29.4598 -11.4746 588.081 -28175 44
-22.1095 -8.94667 588.081 -28048 44
-17.7342 -8.30497 588.081 -27542 44
-7.13471 -3.69463 586.919 -27178 44
-16.9953 -9.0439 588.081 -27077 44
-18.6093 -10.5412 588.081 -26843 44
-14.7379 -10.4033 586.919 -25988 44
-14.8157 -10.52 586.919 -25964 44
-10.2071 -8.01152 586.919 -25563 44
-6.82358 -6.02808 586.919 -25083 44
-7.3875 -7.95318 586.919 -24273 44
-5.19016 -5.79474 586.919 -24125 44
-4.29567 -8.82823 586.919 -21746 44
-4.95682 -10.5394 586.919 -21624 44
-4.43179 -14.4868 586.919 -20222 44
-6.03869 -24.4694 588.081 -19627 44
-7.32209 -34.8533 588.081 -19228 44
4.0146 -45.9955 588.081 -15068 44
2.06298 -16.2758 586.919 -14540 44
5.05581 -11.3738 600.581 -11342 45
3.77241 -5.8902 600.581 -9987 45
8.57544 -8.20421 600.581 -8010 45
4.43356 -3.90676 600.581 -7674 45
22.1678 -17.7519 599.419 -7285 45
16.7231 -13.2406 599.419 -7239 45
22.1095 -13.7267 599.419 -6275 45
9.25603 -2.42891 600.581 -3405 45
26.6403 -4.7494 599.419 -2478 45
14.9146 -1.35941 600.581 -1368 45
18.1231 -0.095459 600.581 -85 45
13.5729 1.65463 600.581 1780 45
46.4357 6.20486 599.419 1931 45
40.1354 7.29381 599.419 2519 45
16.6453 3.09359 600.581 2567 45
11.0645 2.413 600.581 2933 45
21.8178 8.49942 600.581 4593 45
8.06809 5.56139 599.419 6685 45
6.66802 4.78358 599.419 6843 45
19.6311 18.2663 600.581 7896 45
16.5587 18.1886 600.581 8576 45
5.81242 6.8059 599.419 8836 45
3.86787 7.27259 599.419 10695 45
3.7512 8.55599 599.419 11390 45
2.40946 8.18653 599.419 12658 45
9.44164 33.5116 600.581 12782 45
2.6817 16.198 599.419 14056 45
1.22329 12.4062 599.419 14913 45
0.406585 7.77818 599.419 15570 45
0.853831 18.7648 599.419 15670 45
0.503813 14.2924 599.419 15826 45
0.523258 18.7065 599.419 15938 45
-0.954595 10.9283 599.419 17700 45
-1.67408 12.6979 599.419 18292 45
-4.82424 12.5423 599.419 20935 45
-6.04753 10.2654 588.081 22457 44
-13.8469 23.3929 599.419 22476 45
-8.55599 13.6295 588.081 22702 44
-10.9283 15.5351 588.081 23149 44
-6.86424 7.46528 588.081 24232 44
-16.2564 13.5517 586.919 25319 44
-6.70868 4.12066 588.081 26533 44
-20.6511 9.46816 586.919 27617 44
-30.8016 7.01803 586.919 29727 44
-30.0238 6.78469 586.919 29748 44
-8.32265 0.873276 588.081 31212 44
-19.0565 0.328804 588.081 32490 44

74 637.5 650
-13.4562 -0.474939 638.081 -32209 46
-15.3619 -2.89914 638.081 -30166 46
-27.3403 -6.24375 638.081 -29721 46
-19.4843 -5.46593 638.081 -29178 46
-34.0684 -10.0939 638.081 -29023 46
-11.5895 -4.10476 638.081 -28482 46
-23.4901 -8.6161 638.081 -28371 46
-32.2016 -12.4274 638.081 -28205 46
-32.0461 -12.583 638.081 -28148 46
-24.0735 -9.74393 638.081 -28047 46
-19.4454 -9.08279 638.081 -27551 46
-7.75696 -4.00576 636.919 -27188 46
-18.5121 -9.8606 638.081 -27073 46
-20.0871 -11.3579 638.081 -26850 46
-15.9948 -11.2465 638.081 -26003 46
-16.1114 -11.441 638.081 -25964 46
-11.1405 -8.71155 636.919 -25578 46
-7.50417 -6.592 636.919 -25106 46
-8.04864 -8.65322 636.919 -24279 46
-5.65685 -6.26143 636.919 -24160 46
-4.68458 -9.64494 636.919 -21740 46
-5.36517 -11.3756 636.919 -21634 46
-4.85959 -15.9258 636.919 -20214 46
-6.6415 -26.8223 638.081 -19635 46
-8.02213 -38.1979 638.081 -19227 46
2.1991 -17.6176 636.919 -14565 46
5.48361 -12.3461 650.581 -11345 47
4.04465 -6.318 650.581 -9989 47
9.41159 -8.96258 650.581 -7991 47
4.82247 -4.29567 650.581 -7718 47
24.0346 -19.2298 649.419 -7282 47
18.2787 -14.5629 649.419 -7265 47
4.35578 -3.05117 650.581 -6749 47
24.229 -14.9907 649.419 -6262 47
10.0338 -2.66226 650.581 -3435 47
28.857 -5.15127 649.419 -2481 47
19.601 -0.095459 650.581 -79 47
14.8563 1.84908 650.581 1813 47
17.3453 2.54912 650.581 2099 47
43.9856 8.03273 649.419 2530 47
11.9978 2.60746 650.581 2925 47
22.1289 4.92146 650.581 2980 47
23.9568 9.39392 650.581 4614 47
8.82646 6.12531 649.419 6712 47
7.19304 5.19193 649.419 6868 47
20.8756 21.5721 650.581 8326 47
17.9587 19.6664 650.581 8563 47
6.37634 7.4476 649.419 8826 47
4.25678 7.97263 649.419 10681 47
11.8529 24.9556 650.581 11108 47
4.10122 9.3727 649.419 11397 47
2.60392 8.88656 649.419 12671 47
3.44007 17.9676 649.419 13751 47
1.30107 13.4951 649.419 14943 47
1.12607 20.2427 649.419 15520 47
0.445477 8.5171 649.419 15569 47
0.562149 15.5304 649.419 15811 47
0.601039 20.2621 649.419 15912 47
0.17324 7.46705 649.419 16012 47
-1.03724 11.9444 649.419 17693 47
-1.82964 13.8646 649.419 18294 47
-5.66039 13.534 649.419 21215 47
-6.57256 11.1794 638.081 22450 46
-9.41159 14.9518 638.081 22713 46
-11.9006 16.8963 636.919 23154 46
-18.086 25.4152 649.419 23195 47
-7.46705 8.10698 638.081 24239 46
-17.637 14.699 636.919 25320 46
-7.27259 4.49013 638.081 26513 46
-22.5762 10.421 636.919 27593 46
-31.9683 7.48472 636.919 29659 46
-33.485 7.6014 636.919 29736 46
-9.17825 0.951059 638.081 31229 46
-20.7872 0.348251 638.081 32498 46

75 687.5 700
-14.5452 -0.526794 688.081 -32195 48
-16.6453 -3.09359 688.081 -30200 48
-29.7321 -6.80767 688.081 -29715 48
-21.0789 -5.89374 688.081 -29187 48
-36.7713 -10.8523 688.081 -29034 48
-36.9074 -10.9107 688.081 -29029 48
-12.6006 -4.49366 688.081 -28461 48
-25.318 -9.27724 688.081 -28374 48
-34.7101 -13.4191 688.081 -28199 48
-34.6518 -13.7108 688.081 -28123 48
-26.0374 -10.5412 688.081 -28046 48
-21.1372 -9.91894 688.081 -27535 48
-8.35977 -4.29744 686.919 -27205 48
-20.0158 -10.6384 688.081 -27082 48
-21.5455 -12.1941 688.081 -26846 48
-17.2393 -12.1021 688.081 -26010 48
-17.3754 -12.316 688.081 -25971 48
-12.0544 -9.43104 686.919 -25576 48
-8.16532 -7.17537 686.919 -25104 48
-8.72923 -9.33381 686.919 -24301 48
-6.12354 -6.8059 686.919 -24143 48
-5.07349 -10.4228 686.919 -21748 48
-5.77353 -12.2117 686.919 -21643 48
-2.37057 -5.07526 686.919 -21600 48
-5.26794 -17.3842 686.919 -20194 48
-7.24431 -29.1752 688.081 -19642 48
2.37411 -18.9593 686.919 -14560 48
5.77706 -13.0284 686.919 -11350 48
4.35578 -6.78469 700.581 -9978 49
10.1894 -9.7404 700.581 -8007 49
5.25027 -4.64569 700.581 -7691 49
19.7955 -15.924 699.419 -7304 49
25.8819 -20.6882 699.419 -7278 49
4.74469 -3.28451 700.581 -6702 49
26.368 -16.2741 699.419 -6252 49
10.7922 -2.83727 700.581 -3410 49
31.0738 -5.55315 699.419 -2484 49
21.1177 -0.0565681 700.581 -43 49
18.0065 1.96576 700.581 1612 49
16.1397 1.96576 700.581 1778 49
24.1707 5.09647 700.581 2853 49
12.9312 2.80191 700.581 2917 49
24.0929 5.36871 700.581 2985 49
26.1152 10.3078 700.581 4636 49
9.54594 6.65034 699.419 6727 49
7.69862 5.65862 699.419 6940 49
19.3394 21.2026 700.581 8568 49
6.92081 8.10875 699.419 8839 49
4.58736 8.65322 699.419 10707 49
4.49013 10.1505 699.419 11359 49
2.77893 9.60604 699.419 12707 49
4.19845 19.6982 699.419 13505 49
6.05814 31.6059 700.581 13748 49
1.3983 14.6035 699.419 14952 49
1.37886 21.6622 699.419 15403 49
0.503813 9.23658 699.419 15536 49
0.616596 16.7931 699.419 15803 49
0.620486 21.8372 699.419 15931 49
0.192686 8.03096 699.419 16000 49
-1.14905 12.9896 699.419 17715 49
-1.9852 15.0702 699.419 18291 49
-1.75009 5.96798 688.081 20099 48
-6.4771 14.5063 699.419 21441 49
-7.11703 12.1127 688.081 22447 48
-10.2283 16.2352 688.081 22716 48
-12.8729 18.2575 686.919 23159 48
-8.01152 8.72923 688.081 24224 48
-19.0176 15.8463 686.919 25321 48
-7.85596 4.84015 688.081 26521 48
-24.4624 11.3349 686.919 27580 48
-5.36694 2.42891 688.081 27663 48
-36.1685 8.18476 686.919 29744 48
-33.9906 7.64029 686.919 29761 48
-9.97551 1.04829 688.081 31209 48
-22.5308 0.406586 688.081 32477 48

80 737.5 750
-15.6341 -0.604576 738.081 -32158 50
-17.9092 -3.34638 738.081 -30188 50
-32.1239 -7.37159 738.081 -29710 50
-22.6734 -6.32154 738.081 -29195 50
-39.4353 -11.6496 736.919 -29031 50
-39.6881 -11.7468 736.919 -29026 50
-13.6507 -4.84368 738.081 -28477 50
-27.1588 -9.97728 738.081 -28366 50
-37.1797 -14.3719 738.081 -28200 50
-37.238 -14.8192 738.081 -28103 50
-28.0014 -11.3385 738.081 -28045 50
-22.8289 -10.6773 738.081 -27546 50
-8.96258 -4.58912 736.919 -27219 50
-21.5942 -11.4649 738.081 -27086 50
-23.0428 -13.0302 738.081 -26849 50
-18.5227 -12.9707 738.081 -26020 50
-18.6004 -13.23 738.081 -25958 50
-12.9489 -10.1311 736.919 -25576 50
-9.7015 -8.5171 736.919 -25108 50
-8.82646 -7.75873 736.919 -25103 50
-9.35149 -10.0338 736.919 -24287 50
-6.60968 -7.33093 736.919 -24152 50
-5.4624 -11.2784 736.919 -21729 50
-6.16244 -13.0673 736.919 -21634 50
-2.35113 -5.67807 736.919 -21181 50
-5.6763 -18.8037 736.919 -20183 50
-7.86656 -31.5087 738.081 -19657 50
2.49078 -20.3205 736.919 -14595 50
1.32229 -5.92909 750.581 -13396 51
6.12708 -14.0007 736.919 -11396 50
2.37234 -4.87904 750.581 -11023 51
4.66691 -7.25138 750.581 -9968 51
11.0061 -10.5571 750.581 -8021 51
5.69751 -5.01516 750.581 -7670 51
21.3511 -17.2463 749.419 -7320 51
5.0947 -3.55675 750.581 -6735 51
28.507 -17.5575 749.419 -6244 51
11.5895 -3.05117 750.581 -3414 51
6.06698 -1.33997 750.581 -2963 51
33.2906 -5.92909 749.419 -2476 51
22.615 -0.0760136 750.581 -54 51
18.6676 1.38239 750.581 1129 51
17.4231 2.16021 750.581 1807 51
26.018 5.38815 750.581 2810 51
13.8451 3.01581 750.581 2930 51
26.0569 5.73817 750.581 2956 51
28.2737 11.2218 750.581 4655 51
10.3238 7.19481 749.419 6728 51
8.2042 6.12531 749.419 7003 51
20.7394 22.6805 750.581 8558 51
7.48473 8.78934 749.419 8848 51
4.97626 9.35325 749.419 10694 51
4.84015 10.8894 749.419 11342 51
2.97338 10.345 749.419 12726 51
4.99571 21.4678 749.419 13291 51
5.7859 28.365 750.581 13608 51
1.53442 15.673 749.419 14923 51
0.601042 7.6615 749.419 15192 51
1.57331 23.1012 749.419 15339 51
0.562149 9.95606 749.419 15508 51
0.717712 17.9676 749.419 15754 51
0.639931 18.1231 749.419 15825 51
0.251021 8.55599 749.419 15917 51
0.678823 23.3734 749.419 15921 51
-1.22683 14.0266 749.419 17701 51
-2.16021 16.2564 749.419 18305 51
-1.86676 6.47356 738.081 20051 50
-7.25492 15.5175 749.419 21603 51
-7.6615 13.0461 738.081 22445 50
-11.0256 17.4602 736.919 22725 50
-13.8452 19.6187 736.919 23162 50
-8.61433 9.37093 738.081 24231 50
-20.4177 17.013 736.919 25321 50
-8.38098 5.17072 738.081 26516 50
-26.4069 12.2683 736.919 27570 50
-5.75585 2.58447 738.081 27690 50
-36.4408 7.44583 736.919 29988 50
-31.3655 3.38174 736.919 31173 50
-10.7728 1.14551 738.081 31193 50
-24.2679 0.484367 738.081 32447 50

